Pos	Qual	Freq	Ref	Base	UngappedCoverage	TotalCoverage	VariantCov	ForwardVariantCov	ReverseVariantCov
54	0	0.0375	T	C	240	241	9	1	8
56	0	0.03323262839879154	G	A	331	340	11	11	0
116	0	0.11877394636015326	C	A	261	264	31	22	9
118	0	0.11702127659574468	C	A	94	94	11	10	1
119	0	0.04285714285714286	A	T	140	142	6	1	5
122	0	0.04132231404958678	A	G	363	363	15	0	15
129	0	0.09022556390977443	T	A	133	154	12	3	9
147	0	0.03620689655172414	G	A	580	580	21	21	0
169	0	0.4523809523809524	T	A	126	126	57	2	55
172	0	0.031135531135531136	C	T	546	548	17	0	17
173	0	0.039619651347068144	C	T	631	633	25	0	25
186	0	0.03333333333333333	T	C	180	180	6	2	4
189	0	0.06097560975609756	G	T	164	169	10	0	10
194	0	0.1337579617834395	C	T	157	160	21	0	21
204	0	0.037037037037037035	C	T	324	324	12	0	12
206	0	0.0437375745526839	G	A	503	503	22	22	0
222	0	0.08620689655172414	C	T	406	406	35	0	35
248	0	0.05507246376811594	C	T	345	346	19	18	1
251	0	0.037296037296037296	G	A	429	431	16	14	2
333	0	0.0681265206812652	G	A	411	415	28	28	0
346	0	0.03271028037383177	C	T	428	429	14	7	7
359	0	0.04042553191489362	C	T	940	940	38	16	22
423	0	0.06113256113256113	G	A	1554	1555	95	49	46
432	0	0.03432700993676603	A	G	1107	1110	38	33	5
467	0	0.09551495016611296	T	C	1204	1207	115	50	65
475	0	0.06997558991049634	C	T	1229	1234	86	68	18
490	0	0.08791208791208792	G	A	182	184	16	14	2
492	0	0.06091370558375635	G	T	197	203	12	12	0
495	0	0.034482758620689655	A	G	203	209	7	6	1
496	0	0.1881918819188192	G	A	271	273	51	23	28
511	0	0.03536977491961415	A	G	311	313	11	11	0
558	0	0.07891156462585033	T	A	735	737	58	33	25
635	0	0.03934426229508197	T	C	305	313	12	0	12
653	0	0.048556430446194225	G	A	762	769	37	19	18
714	0	0.06808510638297872	T	C	1175	1189	80	0	80
719	0	0.08811881188118811	T	C	2020	2020	178	86	92
768	0	0.04938271604938271	T	C	243	264	12	9	3
779	0	0.04756871035940803	C	T	1892	1892	90	73	17
798	0	0.031496062992125984	T	C	1143	1143	36	17	19
803	0	0.04887820512820513	A	G	1248	1248	61	17	44
833	0	0.040880503144654086	G	A	318	322	13	13	0
837	0	0.20267686424474188	T	C	523	534	106	67	39
854	0	0.051470588235294115	T	A	680	680	35	0	35
917	0	0.04216867469879518	C	T	332	333	14	0	14
950	0	0.050454086781029264	G	A	991	993	50	22	28
990	0	0.09340659340659341	G	A	364	367	34	34	0
1070	0	0.0855457227138643	C	T	1017	1019	87	49	38
1083	0	0.036939313984168866	C	A	379	382	14	0	14
1175	0	0.2260536398467433	A	G	522	554	118	104	14
1176	0	0.05224963715529753	G	A	689	695	36	35	1
1187	0	0.08235294117647059	T	G	255	347	21	15	6
1229	0	0.2746478873239437	G	A	142	158	39	39	0
1308	0	0.034482758620689655	G	A	261	267	9	3	6
1337	0	0.05581835383159887	A	T	2114	2123	118	45	73
1343	0	0.05350686912509038	C	T	1383	1389	74	46	28
1403	0	0.040336134453781515	A	G	595	603	24	23	1
1442	0	0.08450704225352113	C	T	852	852	72	37	35
1457	0	0.04771371769383698	T	C	503	509	24	0	24
1475	0	0.04781997187060478	A	G	711	715	34	9	25
1499	0	0.08671586715867159	G	A	542	546	47	16	31
1516	0	0.03164556962025317	T	C	158	159	5	2	3
1517	0	0.043478260869565216	G	T	115	118	5	1	4
1522	0	0.2129032258064516	G	T	155	159	33	12	21
1586	0	0.1744186046511628	C	T	172	202	30	1	29
1619	0	0.031578947368421054	C	T	380	384	12	3	9
1622	0	0.03825136612021858	G	A	366	375	14	11	3
1655	0	0.1205607476635514	C	T	1070	1071	129	79	50
1664	0	0.07042253521126761	A	G	781	785	55	55	0
1665	0	0.035634743875278395	G	A	898	901	32	32	0
1736	0	0.07407407407407407	A	G	513	513	38	15	23
1751	0	0.05555555555555555	A	G	36	36	2	2	0
1752	0	0.05714285714285714	G	A	35	37	2	2	0
1840	0	0.07272727272727272	A	G	110	110	8	8	0
1841	0	0.04	C	T	75	80	3	2	1
1891	0	0.03125	A	G	64	65	2	2	0
1892	0	0.0392156862745098	C	A	102	102	4	0	4
1893	0	0.042105263157894736	T	C	95	101	4	0	4
1904	0	0.08835341365461848	T	C	996	1006	88	43	45
1922	0	0.03042198233562316	C	T	1019	1023	31	19	12
1965	0	0.15341440598690365	T	G	1069	1072	164	23	141
1993	0	0.03686635944700461	G	A	217	217	8	8	0
2030	0	0.06321839080459771	T	C	522	527	33	0	33
2066	0	0.23255813953488372	C	T	215	216	50	14	36
2091	0	0.06762589928057554	T	C	695	698	47	0	47
2093	0	0.03994490358126722	T	C	726	738	29	4	25
2111	0	0.06701708278580815	T	G	761	772	51	42	9
2156	0	0.049206349206349205	G	A	630	665	31	12	19
2200	0	0.09925788497217068	G	A	1078	1092	107	56	51
2282	0	0.09683794466403162	A	G	506	543	49	29	20
2285	0	0.07705779334500876	C	T	571	571	44	14	30
2286	0	0.03482587064676617	G	T	402	403	14	14	0
2298	0	0.07510288065843622	T	C	972	973	73	50	23
2305	0	0.03260869565217391	A	G	460	466	15	15	0
2320	0	0.03802281368821293	T	A	526	526	20	17	3
2331	0	0.11235955056179775	G	A	267	269	30	30	0
2369	0	0.03543307086614173	A	T	254	256	9	9	0
2370	0	0.038461538461538464	C	A	208	209	8	8	0
2394	0	0.10662177328843996	A	G	891	896	95	56	39
2411	0	0.08235294117647059	C	T	1020	1026	84	45	39
2433	0	0.052845528455284556	C	T	246	277	13	0	13
2450	0	0.203125	A	T	64	64	13	0	13
2455	0	0.04065040650406504	G	A	123	123	5	1	4
2456	0	0.05384615384615385	A	G	130	130	7	0	7
2504	0	0.05238467552775606	G	A	1279	1280	67	67	0
2525	0	0.0983397190293742	G	A	1566	1575	154	24	130
2535	0	0.040754716981132075	G	A	1325	1325	54	52	2
2541	0	0.047493403693931395	G	A	379	386	18	18	0
2606	0	0.14381270903010032	C	T	299	305	43	42	1
2607	0	0.06363636363636363	C	T	220	227	14	12	2
2648	0	0.15214180206794684	T	G	677	686	103	63	40
2654	0	0.08211678832116788	C	T	548	554	45	45	0
2655	0	0.05537459283387622	G	A	307	311	17	17	0
2773	0	0.08842443729903537	A	C	622	624	55	27	28
2781	0	0.14811715481171547	T	G	1195	1257	177	49	128
2797	0	0.031504065040650404	G	C	984	989	31	16	15
2811	0	0.03365384615384615	G	C	1456	1458	49	3	46
2812	0	0.04291187739463601	T	A	1305	1343	56	0	56
2828	0	0.16118769883351008	C	T	943	943	152	78	74
2839	0	0.030726256983240222	C	G	716	718	22	0	22
2842	0	0.26277372262773724	G	T	274	281	72	0	72
2864	0	0.11929595827900913	A	G	1534	1559	183	71	112
2922	0	0.17204301075268819	C	T	279	281	48	19	29
2923	0	0.057926829268292686	T	C	328	351	19	6	13
3038	0	0.08244111349036402	T	C	934	935	77	48	29
3039	0	0.030100334448160536	A	G	299	301	9	1	8
3050	0	0.08705357142857142	T	C	896	897	78	53	25
3052	0	0.053588516746411484	T	C	1045	1045	56	36	20
3058	0	0.030136986301369864	G	A	1095	1096	33	0	33
3071	0	0.04853675945753034	A	G	1401	1407	68	33	35
3101	0	0.03428571428571429	T	G	350	670	12	0	12
3110	0	0.05578884223155369	T	C	1667	1671	93	30	63
3123	0	0.037037037037037035	C	T	1134	1136	42	0	42
3148	0	0.17381786339754815	T	C	2284	2287	397	129	268
3203	0	0.036855036855036855	G	A	407	415	15	13	2
3232	0	0.060941828254847646	C	T	361	364	22	1	21
3241	0	0.04285714285714286	T	C	420	525	18	1	17
3262	0	0.043689320388349516	A	G	206	217	9	7	2
3282	0	0.06277533039647577	A	G	908	908	57	21	36
3295	0	0.0398936170212766	A	G	752	753	30	7	23
3338	0	0.042232277526395176	T	C	663	665	28	1	27
3395	0	0.031341821743388835	T	C	1021	1026	32	1	31
3427	0	0.17355371900826447	G	A	1452	1453	252	252	0
3432	0	0.030828516377649325	G	A	519	520	16	11	5
3433	0	0.04310344827586207	A	G	232	232	10	3	7
3435	0	0.04263565891472868	T	G	258	397	11	0	11
3451	0	0.04218600191754554	T	C	1043	1049	44	0	44
3473	0	0.05966724039013196	C	T	1743	1743	104	63	41
3518	0	0.055762081784386616	C	T	269	272	15	4	11
3566	0	0.056577086280056574	C	T	1414	1415	80	48	32
3579	0	0.26356589147286824	G	T	387	408	102	1	101
3585	0	0.04712041884816754	C	T	191	200	9	0	9
3593	0	0.05680119581464873	C	T	1338	1338	76	56	20
3605	0	0.07671232876712329	G	A	730	732	56	19	37
3617	0	0.05676442762535478	G	A	1057	1060	60	19	41
3650	0	0.03543307086614173	C	A	254	257	9	3	6
3713	0	0.052	G	A	250	251	13	13	0
3714	0	0.06007067137809187	C	T	283	286	17	1	16
3767	0	0.0707070707070707	A	T	396	409	28	5	23
3798	0	0.03551912568306011	G	A	366	370	13	13	0
3827	0	0.060790273556231005	C	T	987	1000	60	22	38
3836	0	0.09472049689440994	T	C	644	647	61	1	60
3850	0	0.037037037037037035	G	T	378	378	14	14	0
3856	0	0.041176470588235294	G	A	170	172	7	5	2
3886	0	0.03333333333333333	T	G	240	242	8	0	8
3887	0	0.04906542056074766	G	C	428	431	21	21	0
3943	0	0.04924242424242424	C	T	264	270	13	2	11
3986	0	0.07365439093484419	T	C	1059	1070	78	0	78
3989	0	0.04305396096440873	T	C	1742	1743	75	33	42
4042	0	0.05585980284775466	T	C	913	927	51	1	50
4044	0	0.08118081180811808	C	T	542	564	44	0	44
4076	0	0.05714285714285714	C	G	420	428	24	1	23
4082	0	0.08503401360544217	G	T	294	297	25	22	3
4085	0	0.07713248638838476	T	C	1102	1102	85	52	33
4094	0	0.41935483870967744	C	T	155	155	65	41	24
4105	0	0.06981981981981981	G	A	444	444	31	4	27
4106	0	0.08901515151515152	A	G	528	529	47	6	41
4113	0	0.05546218487394958	A	G	595	598	33	33	0
4153	0	0.0429553264604811	T	C	582	583	25	1	24
4197	0	0.035897435897435895	C	T	780	781	28	1	27
4210	0	0.043478260869565216	G	A	253	254	11	10	1
4214	0	0.17391304347826086	T	G	23	47	4	2	2
4218	0	0.03322259136212625	A	G	301	304	10	0	10
4234	0	0.07017543859649122	C	T	57	67	4	1	3
4238	0	0.1471861471861472	C	T	462	468	68	30	38
4242	0	0.04878048780487805	G	A	246	249	12	12	0
4259	0	0.039886039886039885	C	T	1404	1405	56	3	53
4295	0	0.07524752475247524	A	G	2020	2036	152	95	57
4408	0	0.09019607843137255	A	G	510	516	46	4	42
4444	0	0.0577716643741403	T	C	727	728	42	0	42
4454	0	0.06631989596879063	G	A	769	769	51	17	34
4481	0	0.03115264797507788	G	A	963	964	30	5	25
4493	0	0.08249158249158249	C	T	1188	1191	98	47	51
4501	0	0.056962025316455694	C	A	316	317	18	5	13
4502	0	0.09693877551020408	C	T	196	197	19	10	9
4503	0	0.03545051698670606	A	G	677	680	24	8	16
4523	0	0.1895424836601307	G	A	306	307	58	32	26
4536	0	0.05204460966542751	A	G	1345	1350	70	28	42
4592	0	0.0552286102308737	A	G	2209	2211	122	80	42
4595	0	0.06175514626218852	C	T	1846	1872	114	73	41
4658	0	0.1641025641025641	G	A	195	233	32	12	20
4698	0	0.036231884057971016	A	G	690	696	25	25	0
4725	0	0.03626943005181347	G	T	193	195	7	7	0
4726	0	0.05555555555555555	T	C	54	77	3	2	1
4733	0	0.08622754491017964	T	C	835	835	72	35	37
4751	0	0.09935483870967741	T	C	775	777	77	43	34
4757	0	0.04804270462633452	T	C	562	568	27	0	27
4775	0	0.06321839080459771	A	G	174	179	11	0	11
4776	0	0.04747774480712166	G	C	337	344	16	0	16
4867	0	0.10846560846560846	T	C	378	406	41	0	41
4883	0	0.04149590163934426	T	C	1952	1956	81	61	20
4919	0	0.20388349514563106	C	G	309	330	63	13	50
4927	0	0.03153988868274583	G	A	539	546	17	12	5
4985	0	0.046296296296296294	A	G	324	397	15	15	0
4988	0	0.11073253833049404	G	A	587	587	65	26	39
5000	0	0.057190916736753576	T	C	1189	1191	68	17	51
5032	0	0.03982300884955752	T	C	226	248	9	0	9
5036	0	0.06545454545454546	C	T	825	825	54	23	31
5060	0	0.03753609239653513	T	C	1039	1039	39	25	14
5066	0	0.07310344827586207	C	T	725	726	53	14	39
5087	0	0.07	C	T	400	403	28	15	13
5088	0	0.18658892128279883	G	A	343	345	64	64	0
5096	0	0.04988913525498891	T	C	902	903	45	17	28
5100	0	0.03816793893129771	A	G	524	524	20	20	0
5156	0	0.05946601941747573	C	T	824	824	49	29	20
5171	0	0.03353658536585366	G	A	1640	1677	55	50	5
5189	0	0.04282315622521808	A	G	1261	1268	54	53	1
5211	0	0.04094631483166515	A	G	1099	1105	45	1	44
5256	0	0.03022162525184688	A	C	1489	1489	45	44	1
5257	0	0.031291908806437195	C	A	2237	2249	70	66	4
5267	0	0.0712143928035982	T	C	1334	1339	95	11	84
5269	0	0.038620689655172416	C	T	1450	1474	56	1	55
5272	0	0.031067961165048542	T	A	1545	1648	48	0	48
5315	0	0.10256410256410256	G	A	975	975	100	10	90
5369	0	0.47051442910915936	C	T	797	798	375	167	208
5375	0	0.1801526717557252	A	G	1965	1966	354	182	172
5387	0	0.1855176540993417	C	T	1671	1674	310	171	139
5502	0	0.0324773413897281	G	A	1324	1331	43	43	0
5543	0	0.043137254901960784	G	A	1530	1532	66	66	0
5545	0	0.03993203058623619	C	T	1177	1181	47	0	47
5561	0	0.05143338954468803	C	T	2372	2372	122	67	55
5591	0	0.09885057471264368	T	C	870	879	86	63	23
5680	0	0.2548449612403101	C	T	1032	1090	263	141	122
5717	0	0.10602205258693809	C	T	1179	1180	125	35	90
5806	0	0.034482758620689655	C	A	1914	1915	66	5	61
5817	0	0.03878787878787879	G	A	825	848	32	28	4
5828	0	0.07270083605961468	T	C	2751	2751	200	169	31
5871	0	0.03296703296703297	G	A	728	738	24	24	0
5906	0	0.03558718861209965	G	A	281	296	10	10	0
5915	0	0.03768115942028986	A	G	345	347	13	13	0
5982	0	0.06417112299465241	A	G	187	190	12	6	6
6002	0	0.20803782505910165	T	C	423	441	88	20	68
6053	0	0.03024193548387097	T	C	496	518	15	2	13
6056	0	0.13137032842582105	C	T	883	886	116	45	71
6075	0	0.0416221985058698	C	T	937	957	39	0	39
6092	0	0.0906515580736544	C	T	1765	1791	160	146	14
6101	0	0.11366838891498356	T	C	2129	2129	242	142	100
6162	0	0.10267857142857142	G	A	1568	1569	161	161	0
6164	0	0.06182572614107884	C	T	2410	2412	149	63	86
6183	0	0.05	C	T	180	182	9	3	6
6195	0	0.0438871473354232	C	A	319	321	14	14	0
6279	0	0.060836501901140684	T	C	263	271	16	3	13
6363	0	0.07099391480730223	C	T	986	987	70	32	38
6443	0	0.12439024390243902	G	A	410	413	51	12	39
6452	0	0.04892367906066536	C	T	1022	1022	50	23	27
6459	0	0.043478260869565216	A	G	46	46	2	0	2
6462	0	0.03333333333333333	A	G	30	30	1	1	0
6463	0	0.045454545454545456	G	A	22	22	1	1	0
6470	0	0.08333333333333333	G	A	36	36	3	3	0
6479	0	0.07142857142857142	A	G	14	17	1	1	0
6481	0	0.1111111111111111	T	G	9	16	1	0	1
6529	0	0.034482758620689655	A	G	29	29	1	1	0
6547	0	0.15	T	C	20	20	3	0	3
6550	0	0.03125	C	T	32	32	1	1	0
6552	0	0.030303030303030304	G	A	33	33	1	0	1
6568	0	0.04878048780487805	A	G	41	41	2	2	0
6584	0	0.03125	T	C	32	32	1	1	0
6599	0	0.10256410256410256	G	A	39	39	4	4	0
6608	0	0.037037037037037035	G	A	27	27	1	1	0
6621	0	0.058823529411764705	G	A	34	34	2	2	0
6637	0	0.03125	T	G	32	32	1	1	0
6638	0	0.03225806451612903	G	T	31	31	1	1	0
6699	0	0.032171581769437	G	A	373	378	12	12	0
6746	0	0.07253269916765755	C	T	841	852	61	13	48
6839	0	0.045454545454545456	G	A	132	139	6	6	0
6840	0	0.035555555555555556	C	A	225	250	8	6	2
6890	0	0.13131313131313133	A	G	594	627	78	49	29
6944	0	0.11990407673860912	G	A	417	423	50	49	1
6985	0	0.06406926406926407	C	A	1155	1157	74	0	74
6989	0	0.06011183597390494	C	T	2146	2148	129	73	56
6993	0	0.030848329048843187	G	A	1167	1182	36	35	1
7037	0	0.05981235340109461	C	T	2558	2558	153	106	47
7049	0	0.10396039603960396	C	T	1414	1418	147	114	33
7050	0	0.09986504723346828	T	C	1482	1491	148	118	30
7085	0	0.03197158081705151	A	G	563	569	18	18	0
7094	0	0.15571428571428572	C	T	700	700	109	82	27
7108	0	0.49173553719008267	A	T	242	244	119	119	0
7148	0	0.10697674418604651	T	C	860	862	92	54	38
7151	0	0.13996316758747698	C	T	543	543	76	47	29
7155	0	0.042042042042042045	G	A	666	666	28	28	0
7156	0	0.09297520661157024	G	A	484	484	45	45	0
7157	0	0.038781163434903045	C	T	361	362	14	10	4
7175	0	0.09670079635949944	C	T	879	883	85	52	33
7200	0	0.04112554112554113	C	T	462	463	19	0	19
7204	0	0.03943661971830986	T	C	355	356	14	2	12
7234	0	0.07142857142857142	T	G	98	140	7	0	7
7240	0	0.07453416149068323	T	C	161	181	12	0	12
7293	0	0.051173991571342566	C	T	1661	1664	85	3	82
7379	0	0.06183574879227053	T	C	1035	1057	64	0	64
7407	0	0.14173228346456693	C	A	127	135	18	18	0
7410	0	0.03333333333333333	G	T	270	274	9	9	0
7447	0	0.07664233576642336	T	A	274	277	21	0	21
7451	0	0.11392405063291139	C	T	553	557	63	46	17
7455	0	0.037096774193548385	T	C	620	626	23	0	23
7488	0	0.08571428571428572	T	G	70	73	6	3	3
7493	0	0.1044776119402985	G	T	268	268	28	15	13
7505	0	0.1111111111111111	T	C	711	729	79	43	36
7517	0	0.08399366085578447	C	T	631	632	53	39	14
7538	0	0.04265402843601896	A	G	633	634	27	17	10
7568	0	0.0907563025210084	T	C	595	617	54	35	19
7577	0	0.09745127436281859	T	C	2001	2013	195	154	41
7596	0	0.2838427947598253	A	T	229	249	65	57	8
7597	0	0.03253796095444685	G	A	461	471	15	15	0
7604	0	0.07107601184600197	T	C	1013	1014	72	29	43
7607	0	0.04744525547445255	C	T	274	288	13	0	13
7617	0	0.04032258064516129	G	A	124	132	5	5	0
7624	0	0.04208416833667335	T	C	499	531	21	20	1
7652	0	0.06995412844036697	C	T	872	876	61	0	61
7673	0	0.03503184713375796	T	G	628	650	22	4	18
7713	0	0.09777777777777778	T	C	675	675	66	38	28
7732	0	0.03015075376884422	T	C	199	203	6	0	6
7806	0	0.03972602739726028	G	A	730	730	29	29	0
7817	0	0.052941176470588235	G	A	340	356	18	16	2
7826	0	0.04903225806451613	T	C	775	779	38	21	17
7870	0	0.1274131274131274	G	A	518	519	66	66	0
7887	0	0.1513353115727003	T	C	337	366	51	0	51
7916	0	0.21373390557939914	C	T	1165	1169	249	149	100
7919	0	0.03214285714285714	A	G	280	291	9	3	6
7937	0	0.07385892116182573	C	T	1205	1207	89	49	40
7939	0	0.07711138310893513	T	C	1634	1637	126	58	68
7962	0	0.04154727793696275	G	A	698	746	29	29	0
8007	0	0.08842105263157894	G	A	475	475	42	23	19
8048	0	0.12903225806451613	G	A	155	157	20	20	0
8050	0	0.056	G	T	125	126	7	7	0
8097	0	0.03508771929824561	C	T	285	285	10	0	10
8105	0	0.05389221556886228	C	T	668	669	36	26	10
8108	0	0.04885057471264368	A	G	348	358	17	17	0
8124	0	0.032989690721649485	A	G	485	493	16	16	0
8185	0	0.060240963855421686	A	G	166	166	10	0	10
8220	0	0.03333333333333333	T	A	750	753	25	0	25
8310	0	0.058823529411764705	T	C	289	290	17	2	15
8387	0	0.27884615384615385	C	T	208	242	58	43	15
8390	0	0.07666666666666666	G	T	300	305	23	0	23
8396	0	0.14454976303317535	C	T	422	424	61	0	61
8408	0	0.2611683848797251	T	C	291	294	76	5	71
8429	0	0.1562913907284768	G	A	755	760	118	25	93
8461	0	0.05932932072226999	C	T	1163	1164	69	0	69
8471	0	0.038696537678207736	C	T	491	494	19	0	19
8483	0	0.03651685393258427	T	C	356	436	13	0	13
8516	0	0.03925992779783394	A	G	2216	2223	87	21	66
8571	0	0.03826086956521739	A	G	575	618	22	19	3
8597	0	0.08494208494208494	T	C	518	531	44	18	26
8610	0	0.04568527918781726	C	A	197	214	9	3	6
8637	0	0.0995850622406639	G	A	241	242	24	24	0
8723	0	0.04267425320056899	G	A	703	705	30	30	0
8728	0	0.05639097744360902	G	A	532	535	30	28	2
8745	0	0.05517241379310345	G	T	145	149	8	8	0
8755	0	0.05572755417956656	G	A	323	329	18	13	5
8757	0	0.030042918454935622	G	T	699	700	21	20	1
8765	0	0.031007751937984496	C	A	1032	1046	32	25	7
8769	0	0.0528169014084507	C	A	568	569	30	28	2
8785	0	0.04117108874656908	A	G	1093	1097	45	44	1
8820	0	0.0392156862745098	G	A	918	930	36	32	4
8823	0	0.10469909315746084	C	T	1213	1215	127	43	84
8825	0	0.03880597014925373	A	G	670	681	26	24	2
8839	0	0.03021499128413713	G	A	1721	1726	52	51	1
8852	0	0.07209847596717468	C	T	1706	1708	123	84	39
8888	0	0.06564551422319474	T	C	914	915	60	7	53
8897	0	0.036585365853658534	A	G	164	167	6	6	0
8922	0	0.04424778761061947	G	A	452	459	20	14	6
8980	0	0.04564315352697095	A	G	482	490	22	9	13
9038	0	0.03195488721804511	A	G	532	537	17	7	10
9043	0	0.03161397670549085	G	A	601	612	19	16	3
9098	0	0.07632311977715878	T	C	1795	1795	137	54	83
9107	0	0.04656862745098039	A	G	408	425	19	19	0
9114	0	0.10918114143920596	A	G	806	833	88	88	0
9115	0	0.0348993288590604	G	A	745	751	26	26	0
9168	0	0.03529411764705882	A	G	425	444	15	10	5
9176	0	0.06857785272625071	C	T	1779	1784	122	45	77
9200	0	0.04	G	A	900	903	36	30	6
9225	0	0.12040133779264214	C	T	897	897	108	66	42
9242	0	0.09405255878284924	T	C	723	726	68	30	38
9272	0	0.08373435996150144	C	T	1039	1039	87	44	43
9277	0	0.041025641025641026	C	T	780	780	32	0	32
9296	0	0.13110846245530394	T	C	839	839	110	63	47
9344	0	0.034375	G	A	320	331	11	6	5
9380	0	0.0653950953678474	G	A	367	369	24	22	2
9414	0	0.04745762711864407	A	G	885	904	42	14	28
9429	0	0.08662900188323917	G	A	531	534	46	11	35
9431	0	0.051933701657458566	G	A	905	905	47	7	40
9434	0	0.03399668325041459	A	G	2412	2414	82	7	75
9455	0	0.06125080593165699	G	A	1551	1553	95	25	70
9469	0	0.03170028818443804	G	A	347	357	11	1	10
9677	0	0.20410783055198972	G	A	779	788	159	67	92
9713	0	0.035538005923000986	C	T	1013	1073	36	15	21
9758	0	0.04451510333863275	A	G	629	629	28	4	24
9818	0	0.2217573221757322	G	A	239	273	53	53	0
9834	0	0.050505050505050504	G	A	198	202	10	10	0
9884	0	0.08444022770398482	G	A	1054	1054	89	21	68
9887	0	0.06288751107174491	C	T	1129	1130	71	41	30
9896	0	0.15953307392996108	T	A	514	516	82	32	50
9899	0	0.18316831683168316	A	G	202	221	37	31	6
9928	0	0.04332129963898917	C	T	277	284	12	0	12
9934	0	0.05191256830601093	T	C	366	381	19	1	18
9994	0	0.0384900074019245	T	C	1351	1368	52	0	52
10193	0	0.05263157894736842	A	G	494	495	26	6	20
10198	0	0.10695187165775401	G	A	187	191	20	2	18
10217	0	0.07741935483870968	A	G	775	777	60	34	26
10226	0	0.06976744186046512	A	G	172	176	12	12	0
10281	0	0.10243055555555555	G	A	1152	1152	118	61	57
10286	0	0.13191489361702127	C	T	470	476	62	44	18
10310	0	0.04054054054054054	G	T	296	297	12	12	0
10314	0	0.046462513199577615	A	G	947	948	44	32	12
10319	0	0.06876790830945559	C	T	698	699	48	6	42
10324	0	0.0649895178197065	T	C	477	524	31	0	31
10342	0	0.03048780487804878	A	T	328	332	10	10	0
10349	0	0.13043478260869565	T	C	483	485	63	36	27
10360	0	0.05918367346938776	C	T	490	491	29	1	28
10361	0	0.12359550561797752	T	C	445	465	55	26	29
10376	0	0.10754716981132076	G	A	530	530	57	33	24
10459	0	1.0	A	C	1	1	1	1	0
10489	0	0.5	G	C	2	2	1	1	0
