Pos	Qual	Freq	Ref	Base	UngappedCoverage	TotalCoverage	VariantCov	ForwardVariantCov	ReverseVariantCov
54	0	0.038461538461538464	T	C	286	289	11	1	10
116	0	0.13214285714285715	C	A	280	283	37	25	12
118	0	0.11392405063291139	C	T	79	81	9	0	9
119	0	0.041379310344827586	A	T	145	147	6	0	6
122	0	0.04866180048661801	A	G	411	411	20	0	20
147	0	0.0377906976744186	G	A	688	688	26	24	2
169	0	0.38095238095238093	T	A	147	149	56	0	56
173	0	0.0452418096723869	C	T	641	642	29	1	28
189	0	0.09340659340659341	G	T	182	187	17	0	17
194	0	0.10493827160493827	C	T	162	165	17	0	17
204	0	0.0777027027027027	C	T	296	297	23	0	23
222	0	0.12331838565022421	C	T	446	447	55	0	55
248	0	0.05822784810126582	C	T	395	396	23	21	2
333	0	0.05394190871369295	G	A	482	487	26	25	1
359	0	0.043520309477756286	C	T	1034	1038	45	14	31
423	0	0.055384615384615386	G	A	1625	1627	90	38	52
467	0	0.08792048929663608	T	C	1308	1313	115	47	68
475	0	0.05696689761354888	C	T	1299	1306	74	58	16
488	0	0.05714285714285714	A	G	490	492	28	27	1
490	0	0.03954802259887006	G	A	177	178	7	7	0
491	0	0.030837004405286344	T	A	227	237	7	7	0
492	0	0.10429447852760736	G	T	163	170	17	17	0
496	0	0.22529644268774704	G	A	253	257	57	30	27
511	0	0.03180212014134275	A	G	283	284	9	9	0
558	0	0.10070921985815603	T	A	705	708	71	40	31
635	0	0.05042016806722689	T	C	238	246	12	0	12
652	0	0.03365384615384615	T	G	208	217	7	3	4
653	0	0.0425531914893617	G	A	658	667	28	16	12
714	0	0.06494661921708185	T	C	1124	1139	73	0	73
719	0	0.0750256937307297	T	C	1946	1946	146	67	79
762	0	0.04178019981834696	C	T	1101	1103	46	1	45
768	0	0.05042016806722689	T	C	238	266	12	12	0
803	0	0.04279279279279279	A	G	1332	1332	57	16	41
829	0	0.038461538461538464	C	A	338	360	13	6	7
833	0	0.04046242774566474	G	A	346	351	14	14	0
837	0	0.13904761904761906	T	C	525	541	73	42	31
854	0	0.05233380480905234	T	A	707	708	37	0	37
917	0	0.09714285714285714	C	T	350	355	34	0	34
950	0	0.09892086330935251	G	A	1112	1120	110	44	66
957	0	0.03094059405940594	C	T	808	810	25	4	21
990	0	0.09649122807017543	G	A	342	353	33	33	0
994	0	0.03038674033149171	T	C	362	364	11	0	11
1070	0	0.09187620889748549	C	T	1034	1035	95	49	46
1129	0	0.03853211009174312	G	A	545	548	21	19	2
1175	0	0.24737945492662475	A	G	477	515	118	105	13
1176	0	0.04354354354354354	G	A	666	668	29	29	0
1183	0	0.031088082901554404	C	T	386	390	12	4	8
1187	0	0.11406844106463879	T	G	263	351	30	29	1
1229	0	0.24347826086956523	G	A	115	132	28	28	0
1337	0	0.07611297271421733	A	T	2089	2098	159	74	85
1343	0	0.06802721088435375	C	T	1323	1331	90	41	49
1442	0	0.08354755784061697	C	T	778	780	65	35	30
1457	0	0.033797216699801194	T	C	503	509	17	0	17
1475	0	0.06752873563218391	A	G	696	696	47	4	43
1499	0	0.10185185185185185	G	A	540	547	55	11	44
1517	0	0.053763440860215055	G	T	93	97	5	0	5
1522	0	0.16312056737588654	G	T	141	143	23	10	13
1586	0	0.1952662721893491	C	T	169	204	33	1	32
1622	0	0.05194805194805195	G	A	385	395	20	15	5
1655	0	0.13399503722084366	C	T	1209	1209	162	87	75
1664	0	0.09924812030075188	A	G	665	670	66	66	0
1665	0	0.06378378378378378	G	A	925	928	59	58	1
1736	0	0.07319952774498228	A	G	847	847	62	23	39
1756	0	0.03164556962025317	G	A	316	321	10	10	0
1768	0	0.030612244897959183	C	A	392	392	12	0	12
1840	0	0.08974358974358974	A	G	156	158	14	14	0
1841	0	0.03125	C	T	128	129	4	1	3
1895	0	0.03048780487804878	C	T	164	175	5	0	5
1904	0	0.10510510510510511	T	C	1332	1341	140	62	78
1922	0	0.04214819850441876	C	T	1471	1479	62	37	25
1947	0	0.032679738562091505	G	A	459	663	15	15	0
1965	0	0.18083670715249664	T	G	1482	1485	268	32	236
2030	0	0.04401408450704225	T	C	568	579	25	0	25
2066	0	0.23384615384615384	C	T	325	326	76	30	46
2091	0	0.059602649006622516	T	C	906	909	54	1	53
2093	0	0.06406080347448426	T	C	921	938	59	12	47
2111	0	0.09117647058823529	T	G	1020	1027	93	73	20
2156	0	0.08497536945812807	G	A	812	844	69	36	33
2200	0	0.065439672801636	G	A	1467	1486	96	58	38
2282	0	0.5726072607260726	A	G	606	922	347	203	144
2285	0	0.5297029702970297	C	T	606	609	321	108	213
2286	0	0.039761431411530816	G	T	503	506	20	20	0
2298	0	0.5523465703971119	T	C	1108	1109	612	488	124
2320	0	0.03730272596843615	T	A	697	697	26	22	4
2331	0	0.09065934065934066	G	A	364	364	33	32	1
2369	0	0.039886039886039885	A	T	351	355	14	14	0
2370	0	0.04710144927536232	C	A	276	283	13	13	0
2394	0	0.6395939086294417	A	G	1182	1231	756	442	314
2411	0	0.6140215716486903	C	T	1298	1301	797	441	356
2433	0	0.045584045584045586	C	T	351	390	16	2	14
2450	0	0.15625	A	T	96	101	15	0	15
2455	0	0.030303030303030304	G	A	165	165	5	1	4
2504	0	0.07635206786850478	G	A	943	943	72	72	0
2505	0	0.038678485092667206	G	A	1241	1241	48	46	2
2525	0	0.1349141455437449	G	A	1223	1232	165	18	147
2541	0	0.08737864077669903	G	A	309	320	27	25	2
2599	0	0.035789473684210524	A	G	475	480	17	17	0
2606	0	0.07537688442211055	C	T	199	201	15	14	1
2607	0	0.043478260869565216	C	T	138	142	6	6	0
2648	0	0.17440225035161744	T	G	711	731	124	59	65
2654	0	0.0706713780918728	C	T	566	568	40	40	0
2655	0	0.07278481012658228	G	A	316	320	23	22	1
2773	0	0.07378335949764521	A	C	637	641	47	30	17
2781	0	0.13613323678493844	T	G	1381	1488	188	62	126
2811	0	0.048143053645116916	G	C	1454	1459	70	0	70
2812	0	0.05114503816793893	T	A	1310	1372	67	0	67
2828	0	0.1681329423264907	C	T	1023	1023	172	89	83
2842	0	0.2677165354330709	G	T	254	269	68	1	67
2864	0	0.1415327564894932	A	G	1618	1637	229	98	131
2922	0	0.15789473684210525	C	T	380	384	60	28	32
2923	0	0.09761388286334056	T	C	461	489	45	12	33
3022	0	0.032520325203252036	A	G	246	264	8	7	1
3038	0	0.100169779286927	T	C	1178	1178	118	79	39
3050	0	0.08061224489795918	T	C	980	983	79	59	20
3052	0	0.04979253112033195	T	C	1205	1205	60	45	15
3058	0	0.03796296296296296	G	A	1080	1083	41	4	37
3071	0	0.04384268214055448	A	G	1551	1554	68	47	21
3110	0	0.052428256070640174	T	C	1812	1814	95	39	56
3123	0	0.03895004233700254	C	T	1181	1182	46	1	45
3148	0	0.17963608207510648	T	C	2583	2586	464	180	284
3232	0	0.044386422976501305	C	T	383	384	17	0	17
3241	0	0.07991360691144708	T	C	463	581	37	7	30
3282	0	0.03642384105960265	A	G	906	907	33	9	24
3338	0	0.05354330708661417	T	C	635	638	34	0	34
3427	0	0.21645367412140576	G	A	1252	1253	271	271	0
3432	0	0.041474654377880185	G	A	434	436	18	14	4
3433	0	0.034482758620689655	A	G	203	207	7	2	5
3435	0	0.125	T	G	208	369	26	0	26
3451	0	0.051362683438155136	T	C	954	957	49	0	49
3473	0	0.051196438508625486	C	T	1797	1798	92	52	40
3518	0	0.03862660944206009	C	T	233	235	9	2	7
3566	0	0.04613297150610583	C	T	1474	1474	68	47	21
3579	0	0.3892857142857143	G	T	280	303	109	1	108
3581	0	0.03515625	A	G	256	271	9	8	1
3585	0	0.056179775280898875	C	T	178	189	10	0	10
3593	0	0.04928571428571429	C	T	1400	1400	69	50	19
3605	0	0.05342465753424658	G	A	730	730	39	14	25
3617	0	0.03605980650835532	G	A	1137	1141	41	15	26
3649	0	0.059602649006622516	G	A	151	155	9	8	1
3650	0	0.05531914893617021	C	A	235	241	13	3	10
3713	0	0.04979253112033195	G	T	241	241	12	3	9
3714	0	0.07876712328767123	C	T	292	292	23	2	21
3718	0	0.0438957475994513	C	G	729	741	32	1	31
3767	0	0.09840425531914894	A	T	376	381	37	19	18
3798	0	0.040214477211796246	G	A	373	379	15	15	0
3827	0	0.06536585365853659	C	T	1025	1037	67	22	45
3836	0	0.0900763358778626	T	C	655	662	59	2	57
3850	0	0.05421686746987952	G	T	332	334	18	17	1
3886	0	0.0449438202247191	T	G	267	271	12	0	12
3887	0	0.05176470588235294	G	C	425	429	22	22	0
3928	0	0.03218116805721097	T	C	839	856	27	9	18
3943	0	0.06222222222222222	C	T	225	227	14	0	14
3986	0	0.06800766283524905	T	C	1044	1061	71	1	70
3989	0	0.06420454545454546	T	C	1760	1764	113	55	58
4042	0	0.05211726384364821	T	C	921	934	48	0	48
4044	0	0.07861060329067641	C	T	547	574	43	0	43
4076	0	0.05411255411255411	C	G	462	478	25	1	24
4082	0	0.1532567049808429	G	T	261	262	40	38	2
4085	0	0.09457092819614711	T	C	1142	1142	108	74	34
4093	0	0.041666666666666664	T	C	96	97	4	4	0
4094	0	0.5030674846625767	C	T	163	166	82	59	23
4105	0	0.057569296375266525	G	A	469	469	27	2	25
4106	0	0.10894941634241245	A	G	514	514	56	3	53
4113	0	0.05410122164048865	A	G	573	577	31	31	0
4153	0	0.03305785123966942	T	C	605	607	20	1	19
4210	0	0.04417670682730924	G	A	249	257	11	10	1
4213	0	0.030864197530864196	G	T	162	164	5	5	0
4214	0	0.041666666666666664	T	A	24	42	1	0	1
4230	0	0.030303030303030304	C	G	231	232	7	0	7
4234	0	0.08974358974358974	C	T	78	89	7	0	7
4235	0	0.030927835051546393	T	C	97	158	3	0	3
4238	0	0.19456066945606695	C	T	478	490	93	44	49
4242	0	0.03474903474903475	G	A	259	267	9	9	0
4259	0	0.036120401337792644	C	T	1495	1499	54	3	51
4295	0	0.08311822405782138	A	G	1937	1953	161	106	55
4408	0	0.07578558225508318	A	G	541	546	41	5	36
4444	0	0.062409288824383166	T	C	689	690	43	0	43
4454	0	0.03333333333333333	G	A	750	751	25	12	13
4493	0	0.03969594594594594	C	T	1184	1185	47	26	21
4501	0	0.04296875	C	A	256	256	11	2	9
4502	0	0.08695652173913043	C	T	184	184	16	12	4
4523	0	0.12455516014234876	G	A	281	281	35	25	10
4525	0	0.0351288056206089	T	A	427	434	15	0	15
4592	0	0.036775106082036775	A	G	2121	2121	78	44	34
4595	0	0.04088586030664395	C	T	1761	1768	72	49	23
4657	0	0.05647840531561462	A	G	301	321	17	1	16
4658	0	0.15920398009950248	G	A	201	232	32	7	25
4705	0	0.031914893617021274	T	C	564	568	18	0	18
4725	0	0.04020100502512563	G	T	199	201	8	8	0
4751	0	0.059379217273954114	T	C	741	743	44	29	15
4757	0	0.08088235294117647	T	C	544	551	44	2	42
4775	0	0.10599078341013825	A	G	217	222	23	1	22
4776	0	0.0546448087431694	G	C	366	371	20	0	20
4867	0	0.14626865671641792	T	C	335	360	49	0	49
4883	0	0.046951912154486936	T	C	2641	2645	124	100	24
4901	0	0.03183229813664596	G	A	1288	1291	41	37	4
4918	0	0.03225806451612903	C	G	744	749	24	5	19
4919	0	0.18028169014084508	C	G	355	377	64	22	42
4985	0	0.052109181141439205	A	G	403	525	21	19	2
4988	0	0.1484771573604061	G	A	788	788	117	50	67
5000	0	0.09673366834170855	T	C	1592	1593	154	54	100
5032	0	0.07037037037037037	T	C	270	301	19	0	19
5036	0	0.09934395501405811	C	T	1067	1068	106	47	59
5060	0	0.06346967559943582	T	C	1418	1419	90	66	24
5066	0	0.11948955916473318	C	T	862	863	103	40	63
5087	0	0.0829103214890017	C	T	591	596	49	22	27
5088	0	0.1653061224489796	G	A	490	493	81	81	0
5096	0	0.06896551724137931	T	C	1247	1247	86	37	49
5100	0	0.03787878787878788	A	G	660	660	25	25	0
5156	0	0.09753787878787878	C	T	1056	1058	103	61	42
5211	0	0.03503184713375796	A	G	1256	1264	44	1	43
5256	0	0.03243574051407589	A	C	1634	1634	53	52	1
5267	0	0.10477453580901856	T	C	1508	1521	158	26	132
5269	0	0.037303664921465966	C	T	1528	1567	57	2	55
5272	0	0.030564784053156147	T	A	1505	1656	46	0	46
5315	0	0.19320388349514564	G	A	1030	1032	199	19	180
5369	0	0.672316384180791	C	T	1062	1067	714	362	352
5375	0	0.35325820676139147	A	G	2041	2046	721	396	325
5387	0	0.37340011129660544	C	T	1797	1804	671	374	297
5481	0	0.03356367226061204	A	T	1013	1017	34	34	0
5495	0	0.032497678737233054	T	C	1077	1081	35	1	34
5502	0	0.039056742815033164	G	A	1357	1366	53	52	1
5561	0	0.0627748900439824	C	T	2501	2501	157	91	66
5591	0	0.2118918918918919	T	C	925	932	196	161	35
5633	0	0.03716814159292035	C	T	1130	1130	42	0	42
5680	0	0.2274024738344434	C	T	1051	1124	239	131	108
5717	0	0.1502546689303905	C	T	1178	1179	177	54	123
5806	0	0.030541871921182268	C	A	2030	2031	62	4	58
5817	0	0.047953216374269005	G	A	855	881	41	41	0
5828	0	0.09728183118741059	T	C	2796	2797	272	233	39
5871	0	0.03561643835616438	G	A	730	740	26	26	0
5906	0	0.030211480362537766	G	A	331	362	10	10	0
6002	0	0.1383219954648526	T	C	441	456	61	10	51
6056	0	0.10287081339712918	C	T	836	838	86	26	60
6075	0	0.03498542274052478	C	T	1029	1056	36	0	36
6092	0	0.0917948717948718	C	T	1950	1976	179	164	15
6101	0	0.10359964881474978	T	C	2278	2280	236	136	100
6111	0	0.0444234404536862	C	A	1058	1103	47	45	2
6157	0	0.03727369542066028	T	C	939	943	35	0	35
6162	0	0.09988179669030733	G	A	1692	1694	169	168	1
6164	0	0.04199772985244041	C	T	2643	2644	111	39	72
6194	0	0.031630170316301706	G	C	411	422	13	13	0
6195	0	0.06168831168831169	C	A	308	309	19	19	0
6279	0	0.04739336492890995	T	C	211	216	10	1	9
6352	0	0.06744868035190615	T	C	341	343	23	16	7
6363	0	0.10810810810810811	C	T	925	926	100	43	57
6443	0	0.09950248756218906	G	A	603	608	60	19	41
6472	0	0.034482758620689655	C	A	29	29	1	1	0
6477	0	0.0847457627118644	G	T	59	73	5	2	3
6479	0	0.04	A	G	50	54	2	2	0
6493	0	0.13043478260869565	T	C	23	27	3	0	3
6502	0	0.060240963855421686	T	C	83	84	5	0	5
6547	0	0.04	T	C	50	51	2	0	2
6583	0	0.0392156862745098	C	T	51	51	2	0	2
6628	0	0.10714285714285714	T	C	56	56	6	3	3
6629	0	0.13636363636363635	A	C	44	44	6	2	4
6630	0	0.08928571428571429	A	C	56	56	5	2	3
6631	0	0.0625	T	C	48	48	3	1	2
6632	0	0.1	G	A	50	50	5	1	4
6633	0	0.046511627906976744	C	G	43	43	2	0	2
6634	0	0.3055555555555556	T	A	36	36	11	2	9
6635	0	0.13725490196078433	T	C	51	51	7	1	6
6636	0	0.19607843137254902	T	A	51	51	10	1	9
6637	0	0.24324324324324326	T	C	37	38	9	2	7
6638	0	0.2	G	T	35	36	7	2	5
6641	0	0.2553191489361702	G	C	47	47	12	6	6
6645	0	0.2	C	A	25	26	5	3	2
6646	0	0.2	T	A	25	26	5	4	1
6647	0	0.041666666666666664	G	A	24	25	1	1	0
6649	0	0.11428571428571428	G	A	35	36	4	3	1
6652	0	0.25925925925925924	C	G	54	54	14	0	14
6654	0	0.2909090909090909	G	A	55	55	16	1	15
6656	0	0.04081632653061224	C	G	49	49	2	0	2
6659	0	0.375	G	C	48	54	18	13	5
6660	0	0.4423076923076923	C	T	52	52	23	15	8
6663	0	0.5510204081632653	G	A	49	49	27	12	15
6664	0	0.603448275862069	G	C	58	58	35	18	17
6668	0	0.7083333333333334	C	A	48	48	34	6	28
6671	0	0.16666666666666666	C	T	24	30	4	1	3
6673	0	0.0975609756097561	T	A	41	42	4	0	4
6675	0	0.13157894736842105	G	C	38	38	5	5	0
6678	0	0.15	T	A	40	40	6	5	1
6679	0	0.3	T	A	40	40	12	10	2
6699	0	0.04895104895104895	G	A	286	287	14	14	0
6746	0	0.061224489795918366	C	T	833	841	51	22	29
6804	0	0.042643923240938165	C	T	469	471	20	0	20
6890	0	0.14056939501779359	A	G	562	585	79	57	22
6944	0	0.13978494623655913	G	A	372	379	52	48	4
6985	0	0.07534246575342465	C	A	1168	1170	88	1	87
6989	0	0.07540056550424128	C	T	2122	2124	160	89	71
6993	0	0.03930530164533821	G	A	1094	1113	43	43	0
7037	0	0.09095260890378172	C	T	2089	2091	190	129	61
7049	0	0.11502938706968933	C	T	1191	1201	137	108	29
7050	0	0.1053030303030303	T	C	1320	1329	139	113	26
7094	0	0.14533965244865718	C	T	633	634	92	73	19
7107	0	0.030837004405286344	T	A	454	454	14	1	13
7108	0	0.5042016806722689	A	T	238	238	120	120	0
7112	0	0.030373831775700934	C	G	428	433	13	11	2
7148	0	0.16988416988416988	T	C	777	777	132	74	58
7151	0	0.204	C	T	500	501	102	54	48
7155	0	0.04940119760479042	G	A	668	669	33	32	1
7156	0	0.04375	G	A	480	480	21	21	0
7168	0	0.031578947368421054	C	T	760	773	24	1	23
7175	0	0.13918918918918918	C	T	740	743	103	64	39
7204	0	0.05757575757575758	T	C	330	333	19	1	18
7208	0	0.03827751196172249	A	G	418	427	16	16	0
7214	0	0.030418250950570342	C	T	526	527	16	0	16
7220	0	0.04390243902439024	A	T	205	206	9	7	2
7234	0	0.06976744186046512	T	G	86	107	6	0	6
7240	0	0.08029197080291971	T	C	137	155	11	0	11
7281	0	0.034666666666666665	T	C	375	409	13	13	0
7293	0	0.043209876543209874	C	T	1782	1783	77	3	74
7379	0	0.0708502024291498	T	C	988	1020	70	2	68
7407	0	0.10071942446043165	C	A	139	149	14	13	1
7447	0	0.06691449814126393	T	A	269	270	18	0	18
7451	0	0.09608540925266904	C	T	562	570	54	35	19
7455	0	0.03554868624420402	T	C	647	659	23	1	22
7488	0	0.15217391304347827	T	G	92	94	14	12	2
7493	0	0.099644128113879	G	T	281	281	28	11	17
7505	0	0.11205673758865248	T	C	705	718	79	41	38
7517	0	0.08236994219653179	C	T	692	694	57	38	19
7538	0	0.04783258594917788	A	G	669	673	32	18	14
7568	0	0.0920138888888889	T	C	576	603	53	33	20
7577	0	0.08164251207729468	T	C	2070	2082	169	135	34
7596	0	0.36	A	T	225	262	81	69	12
7597	0	0.049217002237136466	G	A	447	466	22	21	1
7604	0	0.04504504504504504	T	C	1221	1221	55	24	31
7607	0	0.07446808510638298	C	T	282	301	21	0	21
7624	0	0.03684210526315789	T	C	570	593	21	21	0
7652	0	0.06411698537682789	C	T	889	894	57	0	57
7673	0	0.05007587253414264	T	G	659	677	33	6	27
7713	0	0.09457364341085271	T	C	645	645	61	33	28
7732	0	0.034934497816593885	T	C	229	236	8	0	8
7817	0	0.03927492447129909	G	A	331	339	13	11	2
7826	0	0.038157894736842106	T	C	760	762	29	18	11
7870	0	0.1206896551724138	G	A	580	582	70	70	0
7887	0	0.15196078431372548	T	C	408	443	62	0	62
7916	0	0.2113289760348584	C	T	1377	1380	291	170	121
7919	0	0.038338658146964855	A	G	313	317	12	7	5
7937	0	0.06578947368421052	C	T	1368	1373	90	60	30
7939	0	0.06778741865509762	T	C	1844	1849	125	71	54
7962	0	0.036	G	A	750	796	27	27	0
8007	0	0.08600583090379009	G	A	686	687	59	21	38
8048	0	0.1382488479262673	G	A	217	218	30	30	0
8050	0	0.07344632768361582	G	T	177	177	13	13	0
8097	0	0.04871794871794872	C	T	390	392	19	1	18
8105	0	0.08	C	T	950	950	76	36	40
8108	0	0.06369426751592357	A	G	471	481	30	30	0
8124	0	0.0364741641337386	A	G	658	668	24	24	0
8185	0	0.037209302325581395	A	G	215	217	8	0	8
8310	0	0.043243243243243246	T	C	370	371	16	0	16
8387	0	0.20072992700729927	C	T	274	313	55	46	9
8390	0	0.04504504504504504	G	T	444	447	20	1	19
8396	0	0.09013605442176871	C	T	588	590	53	0	53
8408	0	0.18475073313782991	T	C	341	344	63	18	45
8409	0	0.03734439834024896	A	G	241	246	9	8	1
8429	0	0.10689655172413794	G	A	870	876	93	20	73
8461	0	0.045953360768175584	C	T	1458	1458	67	0	67
8471	0	0.04604051565377532	C	T	543	550	25	0	25
8483	0	0.045563549160671464	T	C	417	513	19	0	19
8597	0	0.10429447852760736	T	C	489	494	51	20	31
8610	0	0.049019607843137254	C	A	204	219	10	10	0
8637	0	0.06224066390041494	G	A	241	243	15	15	0
8723	0	0.040927694406548434	G	A	733	735	30	30	0
8728	0	0.06652806652806653	G	A	481	484	32	30	2
8740	0	0.030373831775700934	A	G	428	431	13	9	4
8745	0	0.06569343065693431	G	T	137	137	9	9	0
8755	0	0.0711743772241993	G	A	281	286	20	17	3
8769	0	0.04357798165137615	C	A	436	440	19	16	3
8785	0	0.033391915641476276	A	G	1138	1141	38	37	1
8823	0	0.15029387069689337	C	T	1191	1195	179	64	115
8825	0	0.0361247947454844	A	G	609	617	22	21	1
8826	0	0.036016949152542374	G	A	944	947	34	29	5
8852	0	0.1180327868852459	C	T	1525	1528	180	116	64
8884	0	0.043795620437956206	G	A	548	548	24	24	0
8888	0	0.07692307692307693	T	C	767	767	59	11	48
8897	0	0.07971014492753623	A	G	138	141	11	11	0
8922	0	0.03837471783295711	G	A	443	450	17	13	4
8972	0	0.03368421052631579	A	G	475	476	16	15	1
8980	0	0.056265984654731455	A	G	391	398	22	11	11
9038	0	0.046511627906976744	A	G	473	474	22	8	14
9043	0	0.04819277108433735	G	A	581	584	28	19	9
9098	0	0.06807780320366133	T	C	1748	1749	119	35	84
9107	0	0.06501547987616099	A	G	323	342	21	21	0
9114	0	0.1077127659574468	A	G	752	774	81	79	2
9115	0	0.03827751196172249	G	A	627	630	24	24	0
9168	0	0.04381443298969072	A	G	388	402	17	11	6
9176	0	0.06779661016949153	C	T	1652	1659	112	46	66
9200	0	0.03282828282828283	G	A	792	795	26	22	4
9225	0	0.112565445026178	C	T	764	765	86	54	32
9242	0	0.07976366322008863	T	C	677	678	54	16	38
9272	0	0.09137577002053388	C	T	974	974	89	33	56
9277	0	0.05234159779614325	C	T	726	727	38	0	38
9296	0	0.1265984654731458	T	C	782	783	99	43	56
9380	0	0.049689440993788817	G	A	322	327	16	15	1
9424	0	0.031122448979591835	A	G	1960	1960	61	4	57
9429	0	0.08207343412526998	G	A	463	466	38	14	24
9431	0	0.06174334140435835	G	A	826	827	51	11	40
9455	0	0.04072398190045249	G	A	1547	1548	63	20	43
9529	0	0.03830911492734478	T	C	757	764	29	0	29
9634	0	0.05061349693251534	G	A	652	656	33	33	0
9677	0	0.1759493670886076	G	A	790	796	139	68	71
9713	0	0.0446343779677113	C	T	1053	1128	47	21	26
9750	0	0.032175032175032175	G	A	777	783	25	19	6
9818	0	0.13191489361702127	G	A	235	254	31	30	1
9834	0	0.04332129963898917	G	A	277	282	12	12	0
9884	0	0.06810035842293907	G	A	1116	1116	76	26	50
9887	0	0.04965753424657534	C	T	1168	1168	58	43	15
9896	0	0.13188976377952755	T	A	508	508	67	29	38
9899	0	0.125	A	G	176	192	22	19	3
9905	0	0.0380952380952381	G	A	420	425	16	16	0
9927	0	0.03293413173652695	G	T	668	669	22	22	0
9928	0	0.0436241610738255	C	T	298	305	13	0	13
9934	0	0.04986149584487535	T	C	361	373	18	0	18
9994	0	0.03878326996197719	T	C	1315	1326	51	0	51
10185	0	0.05759162303664921	T	C	191	242	11	0	11
10198	0	0.07075471698113207	G	A	212	218	15	4	11
10217	0	0.08678237650200267	A	G	749	754	65	33	32
10281	0	0.10549645390070922	G	A	1128	1128	119	64	55
10286	0	0.12435233160621761	C	T	579	581	72	57	15
10314	0	0.05825242718446602	A	G	927	930	54	31	23
10319	0	0.08605341246290801	C	T	674	680	58	3	55
10324	0	0.052845528455284556	T	C	492	537	26	0	26
10342	0	0.03324808184143223	A	T	391	393	13	13	0
10349	0	0.13006756756756757	T	C	592	599	77	54	23
10360	0	0.03551401869158879	C	T	535	535	19	3	16
10361	0	0.19083969465648856	T	C	524	550	100	39	61
10376	0	0.09090909090909091	G	A	572	573	52	30	22
10379	0	0.04121475054229935	A	G	461	466	19	0	19
10436	0	1.0	G	T	1	1	1	0	1
10437	0	1.0	C	A	1	1	1	0	1
10440	0	1.0	C	G	1	1	1	0	1
10463	0	1.0	T	G	1	1	1	0	1
10480	0	1.0	A	G	1	1	1	0	1
10514	0	1.0	C	G	1	1	1	0	1
10516	0	1.0	T	A	1	1	1	0	1
10519	0	1.0	T	G	1	1	1	0	1
10591	0	1.0	G	A	1	1	1	0	1
10599	0	1.0	C	T	1	1	1	0	1
10601	0	1.0	T	A	1	1	1	0	1
