Pos	Qual	Freq	Ref	Base	UngappedCoverage	TotalCoverage	VariantCov	ForwardVariantCov	ReverseVariantCov	RefCov	ForwardRefCov	ReverseRefCov
54	0	0.044673539518900345	T	C	291	293	13	0	13	275	84	191
56	0	0.1880952380952381	G	A	420	427	79	78	1	340	6	334
116	0	0.1111111111111111	C	A	243	246	27	24	3	216	110	106
118	0	0.11494252873563218	C	A	87	87	10	8	2	74	53	21
119	0	0.04225352112676056	A	T	142	143	6	1	5	134	122	12
122	0	0.06349206349206349	A	G	378	378	24	0	24	354	180	174
129	0	0.06779661016949153	T	A	177	210	12	0	12	165	58	107
147	0	0.037283621837549935	G	A	751	751	28	28	0	723	131	592
169	0	0.4943181818181818	T	A	176	179	87	0	87	88	35	53
173	0	0.03714710252600297	C	T	673	675	25	0	25	648	584	64
189	0	0.1	G	T	170	177	17	0	17	152	118	34
194	0	0.11351351351351352	C	T	185	189	21	0	21	163	110	53
204	0	0.061855670103092786	C	T	388	390	24	0	24	364	232	132
206	0	0.03156146179401993	G	A	602	603	19	19	0	582	232	350
222	0	0.13163972286374134	C	T	433	434	57	1	56	372	357	15
248	0	0.05785123966942149	C	T	363	366	21	17	4	340	217	123
251	0	0.03816793893129771	G	A	524	526	20	19	1	501	112	389
333	0	0.0497131931166348	G	A	523	527	26	24	2	497	2	495
346	0	0.03496503496503497	C	T	572	572	20	3	17	552	128	424
359	0	0.05788982259570495	C	T	1071	1073	62	24	38	1008	563	445
423	0	0.060459492140266025	G	A	1654	1656	100	35	65	1552	714	838
467	0	0.0897138437741686	T	C	1293	1301	116	49	67	1175	635	540
475	0	0.058639562157935886	C	T	1279	1282	75	53	22	1202	763	439
488	0	0.05054945054945055	A	G	455	458	23	22	1	432	243	189
490	0	0.06741573033707865	G	A	178	182	12	12	0	165	107	58
491	0	0.043689320388349516	T	A	206	214	9	8	1	194	190	4
492	0	0.06451612903225806	G	T	155	160	10	10	0	144	89	55
496	0	0.23770491803278687	G	A	244	247	58	18	40	185	21	164
511	0	0.03875968992248062	A	G	258	258	10	10	0	248	113	135
558	0	0.10359116022099447	T	A	724	726	75	37	38	642	315	327
635	0	0.045454545454545456	T	C	264	278	12	1	11	250	55	195
652	0	0.041474654377880185	T	G	217	227	9	7	2	207	131	76
714	0	0.08265139116202946	T	C	1222	1233	101	1	100	1121	1007	114
719	0	0.0868038133467135	T	C	1993	1995	173	84	89	1820	1073	747
768	0	0.07112970711297072	T	C	239	263	17	13	4	222	193	29
779	0	0.04630152456239413	C	T	1771	1772	82	70	12	1688	795	893
803	0	0.05925324675324675	A	G	1232	1232	73	17	56	1159	689	470
833	0	0.030508474576271188	G	A	295	301	9	8	1	286	50	236
837	0	0.22243713733075435	T	C	517	522	115	83	32	399	167	232
854	0	0.05185185185185185	T	A	675	675	35	0	35	637	227	410
906	0	0.039711191335740074	C	T	277	287	11	4	7	264	238	26
917	0	0.0626865671641791	C	T	335	335	21	0	21	314	125	189
950	0	0.07621009268795056	G	A	971	972	74	37	37	897	240	657
990	0	0.0955223880597015	G	A	335	345	32	32	0	303	105	198
994	0	0.033426183844011144	T	C	359	362	12	1	11	347	114	233
1070	0	0.1492094861660079	C	T	1012	1014	151	80	71	861	521	340
1083	0	0.03216374269005848	C	A	342	345	11	0	11	324	141	183
1129	0	0.07377049180327869	G	A	488	489	36	35	1	452	86	366
1175	0	0.3107569721115538	A	G	502	537	156	128	28	346	61	285
1176	0	0.049926578560939794	G	A	681	682	34	34	0	647	179	468
1187	0	0.14285714285714285	T	G	252	344	36	32	4	213	199	14
1215	0	0.03171247357293869	G	A	473	473	15	15	0	458	66	392
1229	0	0.20125786163522014	G	A	159	178	32	32	0	127	101	26
1308	0	0.030303030303030304	G	A	231	240	7	1	6	224	95	129
1337	0	0.08461538461538462	A	T	1950	1959	165	56	109	1781	860	921
1343	0	0.07686453576864535	C	T	1314	1320	101	47	54	1169	72	1097
1442	0	0.08831168831168831	C	T	770	771	68	43	25	701	466	235
1457	0	0.03822937625754527	T	C	497	499	19	1	18	476	245	231
1475	0	0.05649717514124294	A	G	708	709	40	5	35	667	336	331
1499	0	0.09107806691449814	G	A	538	549	49	13	36	486	130	356
1516	0	0.044585987261146494	T	C	157	157	7	0	7	150	126	24
1517	0	0.08421052631578947	G	T	95	98	8	0	8	87	66	21
1519	0	0.03187250996015936	G	A	251	251	8	7	1	243	75	168
1522	0	0.1888111888111888	G	T	143	147	27	8	19	116	15	101
1586	0	0.165	C	T	200	239	33	1	32	166	122	44
1655	0	0.14494875549048317	C	T	1366	1368	198	122	76	1165	657	508
1664	0	0.09314359637774904	A	G	773	777	72	72	0	696	105	591
1665	0	0.06660412757973734	G	A	1066	1070	71	71	0	993	174	819
1736	0	0.09803921568627451	A	G	1020	1020	100	42	58	920	440	480
1768	0	0.03854389721627409	C	A	467	467	18	0	18	449	143	306
1840	0	0.11290322580645161	A	G	186	187	21	21	0	165	17	148
1904	0	0.1507618283881315	T	C	1247	1252	188	100	88	1059	758	301
1922	0	0.06339285714285714	C	T	1120	1124	71	43	28	1046	290	756
1947	0	0.06267029972752043	G	A	367	537	23	22	1	343	123	220
1965	0	0.20561456752655538	T	G	1318	1325	271	28	243	1042	505	537
2030	0	0.05363984674329502	T	C	522	528	28	0	28	494	439	55
2066	0	0.2264957264957265	C	T	234	234	53	20	33	181	99	82
2091	0	0.03869047619047619	T	C	672	675	26	0	26	646	548	98
2093	0	0.03795620437956204	T	C	685	697	26	5	21	658	391	267
2111	0	0.09383033419023136	T	G	778	785	73	61	12	704	300	404
2156	0	0.04783258594917788	G	A	669	696	32	13	19	637	1	636
2198	0	0.0340826686004351	T	G	1379	1382	47	46	1	1332	333	999
2200	0	0.11234911792014857	G	A	1077	1097	121	74	47	955	456	499
2282	0	0.06625258799171843	A	G	483	521	32	20	12	451	60	391
2285	0	0.05128205128205128	C	T	546	549	28	9	19	518	219	299
2286	0	0.0380952380952381	G	T	420	425	16	16	0	403	295	108
2295	0	0.030343007915567283	T	C	758	775	23	0	23	733	487	246
2298	0	0.0681081081081081	T	C	925	925	63	47	16	861	488	373
2305	0	0.03294117647058824	A	G	425	430	14	14	0	411	149	262
2320	0	0.030476190476190476	T	A	525	528	16	14	2	508	288	220
2331	0	0.08518518518518518	G	A	270	270	23	23	0	247	136	111
2369	0	0.037815126050420166	A	T	238	240	9	9	0	221	45	176
2370	0	0.03827751196172249	C	A	209	215	8	8	0	199	60	139
2394	0	0.10348977135980746	A	G	831	840	86	42	44	745	357	388
2411	0	0.08190091001011122	C	T	989	989	81	47	34	906	466	440
2433	0	0.0776255707762557	C	T	219	247	17	2	15	202	151	51
2450	0	0.29411764705882354	A	T	68	70	20	0	20	47	46	1
2478	0	0.05711775043936731	G	A	1138	1144	65	64	1	1069	132	937
2504	0	0.05714285714285714	G	A	1225	1226	70	70	0	1154	246	908
2525	0	0.11319612590799032	G	A	1652	1663	187	17	170	1464	141	1323
2535	0	0.035739814152966405	G	A	1399	1401	50	46	4	1348	252	1096
2541	0	0.07197943444730077	G	A	389	403	28	28	0	360	196	164
2570	0	0.032054176072234764	C	T	2215	2217	71	60	11	2144	1581	563
2599	0	0.03395585738539898	A	G	589	595	20	19	1	568	479	89
2606	0	0.13138686131386862	C	T	274	282	36	36	0	233	150	83
2607	0	0.08823529411764706	C	T	204	214	18	16	2	181	159	22
2630	0	0.03015075376884422	G	A	199	209	6	5	1	192	123	69
2648	0	0.17524339360222532	T	G	719	733	126	89	37	590	477	113
2654	0	0.09041591320072333	C	T	553	559	50	50	0	500	493	7
2655	0	0.059880239520958084	G	A	334	338	20	20	0	314	232	82
2773	0	0.059880239520958084	A	C	668	671	40	22	18	628	362	266
2781	0	0.14835164835164835	T	G	1274	1359	189	59	130	1051	902	149
2797	0	0.04162537165510406	G	C	1009	1024	42	21	21	945	8	937
2811	0	0.036036036036036036	G	C	1443	1449	52	1	51	1390	1061	329
2812	0	0.04420731707317073	T	A	1312	1386	58	0	58	1251	1045	206
2828	0	0.18502673796791444	C	T	935	937	173	88	85	761	131	630
2842	0	0.2736842105263158	G	T	285	296	78	0	78	206	178	28
2846	0	0.03684210526315789	G	A	380	383	14	3	11	365	6	359
2864	0	0.14394904458598726	A	G	1570	1595	226	103	123	1343	376	967
2884	0	0.038922155688622756	G	A	1002	1002	39	35	4	962	232	730
2922	0	0.09850746268656717	C	T	335	336	33	7	26	301	235	66
2923	0	0.11555555555555555	T	C	450	472	52	20	32	398	350	48
3022	0	0.04	A	G	225	238	9	9	0	215	32	183
3038	0	0.10278745644599303	T	C	1148	1148	118	83	35	1029	573	456
3050	0	0.0923226433430515	T	C	1029	1031	95	71	24	934	500	434
3052	0	0.05578011317704123	T	C	1237	1237	69	50	19	1165	680	485
3058	0	0.04918032786885246	G	A	1098	1099	54	12	42	1044	199	845
3071	0	0.0742001361470388	A	G	1469	1472	109	78	31	1357	730	627
3110	0	0.07975797579757976	T	C	1818	1819	145	72	73	1670	594	1076
3123	0	0.04334121355397951	C	T	1269	1273	55	0	55	1210	873	337
3137	0	0.044707680550248374	T	C	2617	2619	117	72	45	2497	1089	1408
3148	0	0.20451843043995244	T	C	2523	2524	516	189	327	2000	901	1099
3203	0	0.0911214953271028	G	A	428	438	39	28	11	389	0	389
3232	0	0.05056179775280899	C	T	356	361	18	0	18	337	316	21
3254	0	0.06720977596741344	T	C	491	491	33	22	11	458	331	127
3282	0	0.03711790393013101	A	G	916	916	34	17	17	881	244	637
3285	0	0.03278688524590164	G	A	183	185	6	0	6	177	32	145
3296	0	0.05255023183925812	C	T	647	649	34	25	9	600	262	338
3338	0	0.03488372093023256	T	C	602	606	21	0	21	578	479	99
3371	0	0.03184713375796178	A	G	785	824	25	20	5	760	65	695
3395	0	0.03867403314917127	T	C	905	910	35	2	33	869	515	354
3427	0	0.23543495610534718	G	A	1253	1253	295	294	1	956	76	880
3429	0	0.03	A	G	300	307	9	9	0	287	117	170
3432	0	0.051075268817204304	G	A	372	374	19	18	1	353	26	327
3433	0	0.03056768558951965	A	G	229	234	7	1	6	222	66	156
3435	0	0.078125	T	G	256	388	20	0	20	233	190	43
3451	0	0.04717948717948718	T	C	975	981	46	1	45	926	506	420
3473	0	0.12686567164179105	C	T	1608	1612	204	114	90	1397	979	418
3518	0	0.08178438661710037	C	T	269	270	22	1	21	245	78	167
3566	0	0.07533759772565743	C	T	1407	1407	106	65	41	1299	682	617
3579	0	0.3237704918032787	G	T	244	259	79	1	78	161	147	14
3585	0	0.07051282051282051	C	T	156	163	11	0	11	143	131	12
3593	0	0.08641975308641975	C	T	1377	1378	119	84	35	1256	543	713
3605	0	0.09014084507042254	G	A	710	710	64	25	39	643	444	199
3617	0	0.07225433526011561	G	A	1038	1045	75	31	44	962	435	527
3649	0	0.046153846153846156	G	A	130	130	6	5	1	122	68	54
3675	0	0.03231292517006803	A	G	588	594	19	1	18	569	378	191
3713	0	0.030434782608695653	G	A	230	233	7	7	0	217	119	98
3714	0	0.07480314960629922	C	T	254	261	19	0	19	233	205	28
3718	0	0.04283604135893648	C	G	677	689	29	1	28	629	537	92
3767	0	0.10282776349614396	A	T	389	395	40	16	24	336	160	176
3798	0	0.039886039886039885	G	A	351	358	14	14	0	335	102	233
3827	0	0.08641975308641975	C	T	1053	1075	91	26	65	962	667	295
3836	0	0.08748114630467571	T	C	663	670	58	1	57	602	504	98
3850	0	0.06345177664974619	G	T	394	394	25	25	0	364	54	310
3886	0	0.041666666666666664	T	G	288	290	12	0	12	270	97	173
3887	0	0.05405405405405406	G	C	407	410	22	22	0	384	45	339
3908	0	0.033766233766233764	G	T	385	393	13	0	13	371	300	71
3928	0	0.03795966785290629	T	C	843	852	32	9	23	811	601	210
3943	0	0.043824701195219126	C	T	251	253	11	0	11	238	178	60
3986	0	0.07360157016683022	T	C	1019	1037	75	0	75	943	508	435
3989	0	0.08818443804034583	T	C	1735	1737	153	72	81	1582	635	947
4042	0	0.03490990990990991	T	C	888	899	31	0	31	853	575	278
4044	0	0.047244094488188976	C	T	508	546	24	1	23	479	265	214
4076	0	0.0488997555012225	C	G	409	422	20	0	20	384	372	12
4077	0	0.031007751937984496	G	C	129	262	4	4	0	124	52	72
4082	0	0.11439114391143912	G	T	271	271	31	28	3	240	57	183
4085	0	0.12991452991452992	T	C	1170	1171	152	100	52	1018	502	516
4094	0	0.5681818181818182	C	T	176	182	100	80	20	76	75	1
4105	0	0.056925996204933584	G	A	527	527	30	4	26	497	144	353
4106	0	0.14233576642335766	A	G	548	548	78	8	70	470	94	376
4113	0	0.05509181969949917	A	G	599	599	33	31	2	565	222	343
4153	0	0.030303030303030304	T	C	627	633	19	3	16	608	362	246
4214	0	0.04	T	G	25	52	1	0	1	24	14	10
4234	0	0.10294117647058823	C	T	68	77	7	1	6	58	10	48
4235	0	0.06493506493506493	T	C	77	135	5	0	5	65	0	65
4238	0	0.23173277661795408	C	T	479	486	111	46	65	365	60	305
4242	0	0.06463878326996197	G	A	263	265	17	17	0	246	2	244
4259	0	0.032219570405727926	C	T	1676	1678	54	2	52	1620	1115	505
4295	0	0.11897880539499037	A	G	2076	2093	247	175	72	1829	427	1402
4408	0	0.07116788321167883	A	G	548	554	39	3	36	509	274	235
4444	0	0.0701058201058201	T	C	756	756	53	0	53	703	561	142
4454	0	0.08	G	A	800	800	64	33	31	736	295	441
4493	0	0.07846277021617294	C	T	1249	1250	98	56	42	1148	563	585
4501	0	0.03559870550161812	C	A	309	309	11	4	7	296	121	175
4502	0	0.06666666666666667	C	T	225	226	15	9	6	207	63	144
4523	0	0.18867924528301888	G	A	371	374	70	43	27	299	132	167
4536	0	0.04360679970436068	A	G	1353	1360	59	23	36	1294	524	770
4592	0	0.05462885738115096	A	G	2398	2398	131	80	51	2267	1117	1150
4595	0	0.06458022851465474	C	T	2013	2038	130	89	41	1882	1197	685
4657	0	0.04941860465116279	A	G	344	369	17	0	17	326	85	241
4658	0	0.1148936170212766	G	A	235	273	27	6	21	208	42	166
4706	0	0.0367816091954023	A	G	435	439	16	16	0	419	213	206
4725	0	0.03048780487804878	G	T	164	165	5	5	0	157	15	142
4726	0	0.08333333333333333	T	G	48	68	4	1	3	44	30	14
4733	0	0.08385481852315395	T	C	799	800	67	33	34	731	494	237
4751	0	0.08345323741007195	T	C	695	697	58	36	22	637	441	196
4757	0	0.06324110671936758	T	C	506	513	32	0	32	472	357	115
4775	0	0.061224489795918366	A	G	196	200	12	0	12	184	25	159
4776	0	0.05757575757575758	G	C	330	334	19	0	19	309	103	206
4867	0	0.10830324909747292	T	C	277	305	30	1	29	247	226	21
4883	0	0.045572916666666664	T	C	2304	2307	105	87	18	2195	1676	519
4919	0	0.15873015873015872	C	G	315	336	50	11	39	263	69	194
4925	0	0.046511627906976744	G	A	430	440	20	18	2	410	0	410
4985	0	0.04087193460490463	A	G	367	469	15	13	2	352	23	329
4988	0	0.12552301255230125	G	A	717	717	90	41	49	626	149	477
5000	0	0.09248956884561892	T	C	1438	1438	133	56	77	1303	613	690
5032	0	0.07317073170731707	T	C	246	271	18	0	18	226	70	156
5036	0	0.09898762654668167	C	T	889	889	88	43	45	797	580	217
5060	0	0.06018518518518518	T	C	1296	1302	78	54	24	1218	713	505
5066	0	0.13172043010752688	C	T	744	745	98	33	65	646	368	278
5087	0	0.07756813417190776	C	T	477	480	37	22	15	401	310	91
5088	0	0.1309255079006772	G	A	443	447	58	58	0	369	114	255
5096	0	0.0891089108910891	T	C	1111	1111	99	46	53	1005	730	275
5156	0	0.09968847352024922	C	T	963	963	96	52	44	867	519	348
5189	0	0.039493293591654245	A	G	1342	1348	53	50	3	1287	355	932
5211	0	0.05892116182572614	A	G	1205	1214	71	1	70	1134	620	514
5256	0	0.03481979230299328	A	C	1637	1637	57	56	1	1577	626	951
5257	0	0.03645401822700911	C	A	2414	2431	88	86	2	2324	1261	1063
5267	0	0.10815939278937381	T	C	1581	1590	171	33	138	1408	1050	358
5269	0	0.03878787878787879	C	T	1650	1672	64	1	63	1575	1320	255
5315	0	0.16241737488196412	G	A	1059	1059	172	18	154	887	112	775
5324	0	0.04114490161001789	A	G	559	592	23	18	5	536	9	527
5369	0	0.625242718446602	C	T	1030	1034	644	311	333	383	310	73
5375	0	0.28850628199162404	A	G	2149	2154	620	320	300	1527	741	786
5387	0	0.2987438558164937	C	T	1831	1837	547	315	232	1284	736	548
5448	0	0.03203125	T	C	1280	1284	41	1	40	1239	674	565
5502	0	0.03721298495645289	G	A	1263	1272	47	46	1	1213	342	871
5545	0	0.03895004233700254	C	T	1181	1185	46	1	45	1129	815	314
5561	0	0.06292645943896892	C	T	2638	2640	166	94	72	2472	1268	1204
5591	0	0.17684887459807075	T	C	933	943	165	135	30	768	585	183
5633	0	0.030973451327433628	C	T	1130	1131	35	0	35	1095	670	425
5680	0	0.2115732368896926	C	T	1106	1168	234	127	107	872	787	85
5682	0	0.0306030603060306	G	T	1111	1116	34	1	33	1075	874	201
5717	0	0.14067524115755628	C	T	1244	1244	175	50	125	1067	390	677
5752	0	0.037549407114624504	G	A	1012	1012	38	16	22	974	490	484
5817	0	0.04377880184331797	G	A	868	881	38	34	4	830	17	813
5828	0	0.11202185792349727	T	C	2928	2929	328	272	56	2597	1405	1192
5871	0	0.03954802259887006	G	A	708	716	28	28	0	679	103	576
5906	0	0.034722222222222224	G	A	288	329	10	10	0	275	75	200
6002	0	0.17011494252873563	T	C	435	454	74	15	59	360	141	219
6053	0	0.03070175438596491	T	C	456	472	14	0	14	439	236	203
6056	0	0.13088404133180254	C	T	871	875	114	47	67	755	347	408
6075	0	0.04275286757038582	C	T	959	992	41	0	41	910	348	562
6092	0	0.0803096274794388	C	T	2067	2093	166	152	14	1901	1559	342
6101	0	0.11144321093082835	T	C	2342	2344	261	147	114	2079	1244	835
6111	0	0.036297640653357534	C	A	1102	1139	40	38	2	1062	179	883
6162	0	0.09049255441008018	G	A	1746	1748	158	158	0	1584	105	1479
6164	0	0.047979797979797977	C	T	2772	2777	133	42	91	2637	1322	1315
6210	0	0.03017241379310345	G	T	232	237	7	6	1	223	135	88
6251	0	0.033973412112259974	C	T	677	677	23	2	21	654	531	123
6363	0	0.10754912099276112	C	T	967	969	104	45	59	862	364	498
6371	0	0.030660377358490566	G	A	424	441	13	7	6	411	1	410
6443	0	0.20270270270270271	G	A	370	373	75	17	58	292	131	161
6459	0	0.045454545454545456	A	G	110	111	5	1	4	105	41	64
6479	0	0.03508771929824561	A	G	57	64	2	2	0	55	1	54
6480	0	0.03076923076923077	G	T	65	65	2	2	0	63	7	56
6506	0	0.05747126436781609	A	G	87	89	5	4	1	82	51	31
6547	0	0.08974358974358974	T	C	78	83	7	0	7	71	69	2
6643	0	0.037914691943127965	T	A	211	212	8	1	7	203	132	71
6660	0	0.036036036036036036	C	T	111	113	4	2	2	107	100	7
6671	0	0.031496062992125984	C	T	127	130	4	3	1	123	123	0
6726	0	0.031042128603104215	C	T	451	518	14	0	14	436	432	4
6729	0	0.033444816053511704	G	A	299	302	10	9	1	280	165	115
6746	0	0.07256235827664399	C	T	882	892	64	33	31	817	616	201
6804	0	0.03070175438596491	C	T	456	457	14	1	13	441	181	260
6839	0	0.03937007874015748	G	A	127	132	5	4	1	119	8	111
6840	0	0.03225806451612903	C	A	217	230	7	4	3	209	170	39
6890	0	0.11619718309859155	A	G	568	593	66	36	30	502	161	341
6944	0	0.14285714285714285	G	A	399	406	57	56	1	341	0	341
6952	0	0.030985915492957747	T	C	355	361	11	1	10	337	283	54
6979	0	0.03184713375796178	A	G	157	161	5	1	4	152	1	151
6985	0	0.08385933273219116	C	A	1109	1112	93	1	92	1016	712	304
6989	0	0.0505002382086708	C	T	2099	2100	106	59	47	1993	1083	910
6993	0	0.03955841766329347	G	A	1087	1101	43	42	1	1041	610	431
7037	0	0.054011119936457505	C	T	2518	2518	136	94	42	2382	1346	1036
7049	0	0.08675445391169635	C	T	1291	1295	112	82	30	1178	741	437
7050	0	0.07560627674750357	T	C	1402	1406	106	81	25	1294	697	597
7085	0	0.032692307692307694	A	G	520	529	17	17	0	503	130	373
7094	0	0.11394557823129252	C	T	588	590	67	47	20	521	483	38
7108	0	0.45934959349593496	A	T	246	247	113	113	0	130	64	66
7110	0	0.036231884057971016	T	C	276	319	10	1	9	264	254	10
7113	0	0.044573643410852716	T	C	516	528	23	17	6	491	263	228
7148	0	0.10294117647058823	T	C	816	816	84	42	42	731	374	357
7151	0	0.14663951120162932	C	T	491	493	72	32	40	419	169	250
7155	0	0.04878048780487805	G	A	615	615	30	29	1	583	46	537
7156	0	0.0787037037037037	G	A	432	434	34	34	0	396	60	336
7168	0	0.03634085213032581	C	T	798	813	29	0	29	769	665	104
7175	0	0.07953063885267275	C	T	767	768	61	31	30	706	349	357
7204	0	0.04452054794520548	T	C	292	292	13	3	10	279	142	137
7214	0	0.03910614525139665	C	T	537	537	21	2	19	516	372	144
7240	0	0.07407407407407407	T	C	135	153	10	0	10	125	49	76
7281	0	0.030952380952380953	T	C	420	451	13	11	2	406	116	290
7379	0	0.06679574056147145	T	C	1033	1059	69	1	68	963	670	293
7407	0	0.12686567164179105	C	A	134	142	17	17	0	113	22	91
7415	0	0.04866180048661801	G	A	411	423	20	9	11	391	19	372
7447	0	0.09386281588447654	T	A	277	279	26	0	26	249	179	70
7451	0	0.08900523560209424	C	T	573	577	51	33	18	521	380	141
7455	0	0.039764359351988215	T	C	679	692	27	0	27	652	532	120
7488	0	0.2318840579710145	T	G	69	70	16	14	2	53	47	6
7493	0	0.09561752988047809	G	T	251	253	24	7	17	227	123	104
7505	0	0.10767160161507403	T	C	743	761	80	34	46	663	510	153
7517	0	0.08405797101449275	C	T	690	693	58	39	19	632	283	349
7538	0	0.04783258594917788	A	G	669	671	32	16	16	637	199	438
7568	0	0.09491525423728814	T	C	590	617	56	30	26	534	320	214
7577	0	0.08776844070961717	T	C	2142	2156	188	146	42	1951	1322	629
7596	0	0.27555555555555555	A	T	225	251	62	54	8	153	150	3
7597	0	0.033632286995515695	G	A	446	459	15	15	0	429	366	63
7604	0	0.06724137931034482	T	C	1160	1160	78	31	47	1080	701	379
7607	0	0.08270676691729323	C	T	266	275	22	1	21	244	202	42
7617	0	0.05426356589147287	G	A	129	139	7	7	0	121	92	29
7652	0	0.06177156177156177	C	T	858	862	53	0	53	799	451	348
7673	0	0.04361873990306947	T	G	619	647	27	10	17	590	449	141
7713	0	0.140117994100295	T	C	678	682	95	49	46	581	233	348
7732	0	0.06074766355140187	T	C	214	220	13	1	12	200	182	18
7826	0	0.05913272010512484	T	C	761	765	45	17	28	715	479	236
7869	0	0.032663316582914576	C	A	398	403	13	1	12	380	347	33
7870	0	0.13708260105448156	G	A	569	569	78	78	0	489	123	366
7887	0	0.12189054726368159	T	C	402	429	49	0	49	352	128	224
7916	0	0.1977401129943503	C	T	1416	1421	280	175	105	1129	737	392
7937	0	0.09514031485284052	C	T	1461	1471	139	85	54	1322	731	591
7939	0	0.08996359854394176	T	C	1923	1929	173	85	88	1749	825	924
7962	0	0.039440203562340966	G	A	786	833	31	31	0	754	3	751
8007	0	0.08935611038107753	G	A	761	762	68	27	41	693	352	341
8022	0	0.03377110694183865	T	C	533	535	18	0	18	514	419	95
8048	0	0.08733624454148471	G	A	229	233	20	19	1	209	3	206
8050	0	0.045	G	T	200	200	9	9	0	190	19	171
8060	0	0.03993055555555555	C	T	1152	1155	46	29	17	1106	685	421
8075	0	0.033816425120772944	G	A	621	622	21	21	0	597	127	470
8097	0	0.03233256351039261	C	T	433	434	14	1	13	418	264	154
8105	0	0.06314797360980208	C	T	1061	1062	67	38	29	994	576	418
8108	0	0.05150976909413854	A	G	563	569	29	28	1	531	169	362
8124	0	0.03117206982543641	A	G	802	814	25	25	0	777	288	489
8139	0	0.032397408207343416	G	A	463	470	15	13	2	447	5	442
8185	0	0.07581227436823104	A	G	277	279	21	0	21	253	158	95
8387	0	0.21908127208480566	C	T	283	315	62	50	12	221	203	18
8390	0	0.05934065934065934	G	T	455	456	27	0	27	426	344	82
8396	0	0.10726072607260725	C	T	606	608	65	0	65	541	452	89
8408	0	0.19345238095238096	T	C	336	337	65	11	54	271	152	119
8429	0	0.1084788029925187	G	A	802	804	87	18	69	714	276	438
8461	0	0.03914590747330961	C	T	1405	1406	55	0	55	1348	1303	45
8471	0	0.031914893617021274	C	T	564	572	18	0	18	545	415	130
8483	0	0.05011389521640091	T	C	439	530	22	1	21	417	339	78
8571	0	0.03969465648854962	A	G	655	698	26	22	4	629	314	315
8597	0	0.08373205741626795	T	C	418	425	35	11	24	380	299	81
8610	0	0.046511627906976744	C	A	215	231	10	5	5	203	123	80
8637	0	0.07488986784140969	G	A	227	228	17	17	0	210	69	141
8694	0	0.0384	G	A	625	630	24	21	3	593	165	428
8728	0	0.0636182902584493	G	A	503	506	32	32	0	471	2	469
8740	0	0.041928721174004195	A	G	477	478	20	14	6	457	261	196
8745	0	0.03535353535353535	G	T	198	198	7	7	0	191	96	95
8755	0	0.054982817869415807	G	A	291	298	16	13	3	275	225	50
8757	0	0.03473227206946455	G	T	691	691	24	24	0	666	306	360
8769	0	0.05592841163310962	C	A	447	447	25	23	2	421	44	377
8820	0	0.0450070323488045	G	A	711	721	32	30	2	679	1	678
8823	0	0.1297071129707113	C	T	956	959	124	48	76	828	461	367
8825	0	0.04604051565377532	A	G	543	549	25	24	1	510	201	309
8826	0	0.04659498207885305	G	A	837	840	39	32	7	795	119	676
8839	0	0.0311284046692607	G	A	1542	1548	48	47	1	1491	442	1049
8852	0	0.09140893470790377	C	T	1455	1456	133	90	43	1318	758	560
8888	0	0.05732484076433121	T	C	785	786	45	4	41	740	399	341
8922	0	0.05714285714285714	G	A	420	423	24	17	7	396	2	394
8980	0	0.03430079155672823	A	G	379	385	13	6	7	366	183	183
9038	0	0.06639004149377593	A	G	482	485	32	9	23	450	271	179
9043	0	0.03756708407871199	G	A	559	563	21	15	6	538	1	537
9098	0	0.057617728531855955	T	C	1805	1805	104	43	61	1701	932	769
9107	0	0.05721393034825871	A	G	402	420	23	23	0	377	367	10
9114	0	0.13178294573643412	A	G	774	793	102	99	3	672	299	373
9115	0	0.039334341906202726	G	A	661	665	26	26	0	633	286	347
9143	0	0.03444316877152698	C	T	871	914	30	2	28	839	814	25
9176	0	0.06347305389221557	C	T	1670	1678	106	40	66	1560	703	857
9200	0	0.030751708428246014	G	A	878	878	27	25	2	851	596	255
9225	0	0.08845208845208845	C	T	814	814	72	50	22	742	233	509
9242	0	0.06751054852320675	T	C	711	716	48	24	24	660	471	189
9272	0	0.06705539358600583	C	T	1029	1031	69	36	33	960	486	474
9277	0	0.045512010113780026	C	T	791	792	36	0	36	755	675	80
9296	0	0.10161090458488228	T	C	807	807	82	42	40	724	182	542
9380	0	0.06321839080459771	G	A	348	354	22	21	1	325	170	155
9414	0	0.03525264394829612	A	G	851	875	30	14	16	821	209	612
9424	0	0.04410399257195915	A	G	2154	2155	95	1	94	2058	1367	691
9429	0	0.0728051391862955	G	A	467	473	34	4	30	433	64	369
9431	0	0.06557377049180328	G	A	915	918	60	17	43	855	99	756
9455	0	0.04955527318932656	G	A	1574	1578	78	26	52	1496	339	1157
9469	0	0.05228758169934641	G	A	306	310	16	2	14	290	206	84
9529	0	0.030303030303030304	T	C	759	769	23	0	23	736	525	211
9634	0	0.03206106870229008	G	A	655	657	21	20	1	633	104	529
9677	0	0.19374247894103488	G	A	831	838	161	78	83	667	32	635
9713	0	0.04247104247104247	C	T	1036	1101	44	17	27	992	858	134
9728	0	0.03279883381924198	A	G	1372	1374	45	3	42	1327	586	741
9758	0	0.035168195718654434	A	G	654	655	23	1	22	626	155	471
9800	0	0.050724637681159424	C	T	552	553	28	4	24	524	466	58
9818	0	0.14666666666666667	G	A	225	262	33	32	1	192	22	170
9834	0	0.04700854700854701	G	A	234	236	11	11	0	220	143	77
9884	0	0.08102955195424213	G	A	1049	1049	85	13	72	964	451	513
9887	0	0.05541346973572037	C	T	1173	1173	65	36	29	1108	512	596
9896	0	0.1394422310756972	T	A	502	505	70	34	36	432	210	222
9899	0	0.14883720930232558	A	G	215	232	32	28	4	181	77	104
9905	0	0.04392764857881137	G	A	387	390	17	17	0	367	207	160
9928	0	0.06	C	T	250	261	15	0	15	231	113	118
9934	0	0.058666666666666666	T	C	375	388	22	0	22	351	102	249
9994	0	0.04112718964204113	T	C	1313	1330	54	1	53	1257	790	467
10185	0	0.08092485549132948	T	C	173	221	14	1	13	158	10	148
10193	0	0.053169734151329244	A	G	489	492	26	4	22	463	241	222
10198	0	0.14009661835748793	G	A	207	208	29	2	27	178	22	156
10217	0	0.07213930348258707	A	G	804	807	58	34	24	744	438	306
10226	0	0.03468208092485549	A	G	173	173	6	6	0	167	122	45
10281	0	0.09739130434782609	G	A	1150	1152	112	57	55	1036	558	478
10286	0	0.100990099009901	C	T	505	508	51	43	8	451	231	220
10314	0	0.05555555555555555	A	G	918	922	51	38	13	867	425	442
10319	0	0.08356940509915015	C	T	706	711	59	5	54	645	575	70
10324	0	0.05642023346303502	T	C	514	562	29	2	27	483	363	120
10349	0	0.1423290203327172	T	C	541	546	77	49	28	463	217	246
10360	0	0.047244094488188976	C	T	381	381	18	1	17	362	171	191
10361	0	0.18807339449541285	T	C	436	463	82	37	45	352	202	150
10376	0	0.08617594254937164	G	A	557	561	48	31	17	509	421	88
10379	0	0.051224944320712694	A	G	449	451	23	0	23	426	212	214
