Pos	Qual	Freq	Ref	Base	UngappedCoverage	TotalCoverage	VariantCov	ForwardVariantCov	ReverseVariantCov	RefCov	ForwardRefCov	ReverseRefCov
54	0	0.0375	T	C	240	241	9	1	8	228	89	139
56	0	0.03323262839879154	G	A	331	340	11	11	0	320	74	246
116	0	0.11877394636015326	C	A	261	264	31	22	9	230	135	95
118	0	0.11702127659574468	C	A	94	94	11	10	1	76	58	18
119	0	0.04285714285714286	A	T	140	142	6	1	5	132	120	12
122	0	0.04132231404958678	A	G	363	363	15	0	15	348	186	162
129	0	0.09022556390977443	T	A	133	154	12	3	9	121	52	69
147	0	0.03620689655172414	G	A	580	580	21	21	0	559	143	416
169	0	0.4523809523809524	T	A	126	126	57	2	55	67	32	35
172	0	0.031135531135531136	C	T	546	548	17	0	17	528	475	53
173	0	0.039619651347068144	C	T	631	633	25	0	25	605	552	53
186	0	0.03333333333333333	T	C	180	180	6	2	4	174	80	94
189	0	0.06097560975609756	G	T	164	169	10	0	10	153	126	27
194	0	0.1337579617834395	C	T	157	160	21	0	21	135	88	47
204	0	0.037037037037037035	C	T	324	324	12	0	12	310	212	98
206	0	0.0437375745526839	G	A	503	503	22	22	0	480	221	259
222	0	0.08620689655172414	C	T	406	406	35	0	35	371	367	4
248	0	0.05507246376811594	C	T	345	346	19	18	1	326	226	100
251	0	0.037296037296037296	G	A	429	431	16	14	2	411	127	284
333	0	0.0681265206812652	G	A	411	415	28	28	0	383	1	382
346	0	0.03271028037383177	C	T	428	429	14	7	7	413	105	308
359	0	0.04042553191489362	C	T	940	940	38	16	22	902	544	358
423	0	0.06101477199743096	G	A	1557	1558	95	49	46	1460	708	752
432	0	0.03429602888086643	A	G	1108	1111	38	33	5	1069	464	605
467	0	0.09610604805302403	T	C	1207	1210	116	50	66	1091	587	504
475	0	0.06986190089358245	C	T	1231	1236	86	68	18	1144	744	400
490	0	0.08791208791208792	G	A	182	184	16	14	2	165	106	59
492	0	0.06091370558375635	G	T	197	203	12	12	0	184	127	57
495	0	0.03398058252427184	A	G	206	212	7	6	1	199	33	166
496	0	0.1897810218978102	G	A	274	276	52	23	29	221	48	173
511	0	0.03536977491961415	A	G	311	313	11	11	0	300	145	155
558	0	0.07994579945799458	T	A	738	740	59	33	26	674	352	322
635	0	0.0392156862745098	T	C	306	314	12	0	12	293	80	213
653	0	0.049738219895287955	G	A	764	771	38	19	19	726	431	295
714	0	0.06796941376380629	T	C	1177	1191	80	0	80	1097	982	115
719	0	0.08897676717745921	T	C	2023	2023	180	86	94	1842	1058	784
768	0	0.04918032786885246	T	C	244	265	12	9	3	232	191	41
779	0	0.04751847940865892	C	T	1894	1894	90	73	17	1803	839	964
798	0	0.03146853146853147	T	C	1144	1144	36	17	19	1108	546	562
803	0	0.04887820512820513	A	G	1248	1248	61	17	44	1187	668	519
833	0	0.04075235109717868	G	A	319	323	13	13	0	304	49	255
837	0	0.2030360531309298	T	C	527	538	107	67	40	418	176	242
854	0	0.05154639175257732	T	A	679	679	35	0	35	643	229	414
917	0	0.042042042042042045	C	T	333	334	14	0	14	319	86	233
950	0	0.05040322580645161	G	A	992	993	50	22	28	942	291	651
957	0	0.030666666666666665	C	T	750	751	23	3	20	727	556	171
990	0	0.09366391184573003	G	A	363	367	34	34	0	329	132	197
1070	0	0.08447937131630648	C	T	1018	1020	86	49	37	932	516	416
1083	0	0.03684210526315789	C	A	380	383	14	0	14	360	134	226
1175	0	0.22562141491395793	A	G	523	555	118	104	14	405	64	341
1176	0	0.05217391304347826	G	A	690	696	36	35	1	653	169	484
1187	0	0.08235294117647059	T	G	255	347	21	15	6	234	203	31
1229	0	0.2746478873239437	G	A	142	158	39	39	0	102	80	22
1308	0	0.034482758620689655	G	A	261	267	9	3	6	251	125	126
1337	0	0.055844770468528156	A	T	2113	2122	118	45	73	1995	1005	990
1343	0	0.05350686912509038	C	T	1383	1389	74	46	28	1272	87	1185
1403	0	0.040268456375838924	A	G	596	604	24	23	1	571	250	321
1442	0	0.0846063454759107	C	T	851	851	72	37	35	778	520	258
1457	0	0.04780876494023904	T	C	502	508	24	0	24	477	260	217
1475	0	0.047752808988764044	A	G	712	716	34	9	25	678	311	367
1499	0	0.08608058608058608	G	A	546	550	47	16	31	496	122	374
1516	0	0.031446540880503145	T	C	159	160	5	2	3	150	128	22
1517	0	0.042735042735042736	G	T	117	120	5	1	4	111	80	31
1522	0	0.21019108280254778	G	T	157	161	33	12	21	124	18	106
1586	0	0.1676300578034682	C	T	173	203	29	1	28	143	98	45
1619	0	0.031413612565445025	C	T	382	386	12	3	9	366	141	225
1622	0	0.03814713896457766	G	A	367	376	14	11	3	350	27	323
1655	0	0.11940298507462686	C	T	1072	1073	128	78	50	942	500	442
1664	0	0.07042253521126761	A	G	781	785	55	55	0	724	103	621
1665	0	0.035634743875278395	G	A	898	901	32	32	0	865	161	704
1736	0	0.07587548638132295	A	G	514	514	39	16	23	475	216	259
1751	0	0.05555555555555555	A	G	36	36	2	2	0	34	32	2
1752	0	0.05714285714285714	G	A	35	37	2	2	0	33	21	12
1840	0	0.07272727272727272	A	G	110	110	8	8	0	102	11	91
1841	0	0.04	C	T	75	80	3	2	1	70	27	43
1891	0	0.03125	A	G	64	65	2	2	0	61	51	10
1892	0	0.0392156862745098	C	A	102	102	4	0	4	97	93	4
1893	0	0.042105263157894736	T	C	95	101	4	0	4	90	90	0
1904	0	0.08817635270541083	T	C	998	1008	88	43	45	908	635	273
1922	0	0.030332681017612523	C	T	1022	1026	31	19	12	986	304	682
1965	0	0.15377446411929171	T	G	1073	1076	165	23	142	905	420	485
1993	0	0.03686635944700461	G	A	217	217	8	8	0	208	37	171
2030	0	0.06321839080459771	T	C	522	527	33	0	33	489	448	41
2066	0	0.2347417840375587	C	T	213	214	50	14	36	162	95	67
2091	0	0.0659025787965616	T	C	698	701	46	0	46	652	553	99
2093	0	0.03972602739726028	T	C	730	742	29	4	25	698	430	268
2111	0	0.06692913385826772	T	G	762	773	51	42	9	710	326	384
2156	0	0.05055292259083728	G	A	633	667	32	13	19	601	4	597
2200	0	0.09823911028730306	G	A	1079	1093	106	56	50	973	457	516
2282	0	0.09881422924901186	A	G	506	543	50	30	20	456	54	402
2285	0	0.07746478873239436	C	T	568	568	44	14	30	523	201	322
2286	0	0.034653465346534656	G	T	404	405	14	14	0	387	275	112
2298	0	0.07510288065843622	T	C	972	973	73	50	23	897	516	381
2305	0	0.03275109170305677	A	G	458	465	15	15	0	443	164	279
2320	0	0.03795066413662239	T	A	527	527	20	17	3	506	295	211
2331	0	0.11152416356877323	G	A	269	271	30	30	0	239	122	117
2369	0	0.03543307086614173	A	T	254	256	9	9	0	240	59	181
2370	0	0.038461538461538464	C	A	208	209	8	8	0	197	77	120
2394	0	0.10549943883277217	A	G	891	896	94	55	39	795	391	404
2411	0	0.08235294117647059	C	T	1020	1026	84	45	39	933	488	445
2433	0	0.052845528455284556	C	T	246	276	13	0	13	233	179	54
2450	0	0.18032786885245902	A	T	61	61	11	0	11	48	47	1
2455	0	0.040983606557377046	G	A	122	122	5	1	4	117	6	111
2456	0	0.05343511450381679	A	G	131	131	7	0	7	124	3	121
2504	0	0.0539906103286385	G	A	1278	1279	69	69	0	1209	265	944
2525	0	0.09776357827476038	G	A	1565	1574	153	23	130	1408	136	1272
2535	0	0.04081632653061224	G	A	1323	1323	54	52	2	1266	251	1015
2541	0	0.04712041884816754	G	A	382	389	18	18	0	363	231	132
2606	0	0.14046822742474915	C	T	299	305	42	41	1	256	155	101
2607	0	0.06363636363636363	C	T	220	227	14	12	2	201	143	58
2648	0	0.15169366715758467	T	G	679	688	103	63	40	575	460	115
2654	0	0.08181818181818182	C	T	550	556	45	45	0	499	492	7
2655	0	0.05519480519480519	G	A	308	312	17	17	0	290	196	94
2773	0	0.08828250401284109	A	C	623	625	55	27	28	568	272	296
2781	0	0.14811715481171547	T	G	1195	1258	177	49	128	967	785	182
2797	0	0.031504065040650404	G	C	984	989	31	16	15	934	8	926
2811	0	0.033630748112560054	G	C	1457	1459	49	3	46	1404	942	462
2812	0	0.04291187739463601	T	A	1305	1343	56	0	56	1248	922	326
2828	0	0.16118769883351008	C	T	943	943	152	78	74	790	103	687
2839	0	0.03089887640449438	C	G	712	714	22	0	22	683	409	274
2842	0	0.26277372262773724	G	T	274	281	72	0	72	201	168	33
2864	0	0.11937377690802348	A	G	1533	1558	183	71	112	1349	326	1023
2922	0	0.17204301075268819	C	T	279	281	48	19	29	230	162	68
2923	0	0.057926829268292686	T	C	328	352	19	6	13	307	257	50
3038	0	0.08252947481243302	T	C	933	934	77	48	29	856	431	425
3039	0	0.030100334448160536	A	G	299	301	9	1	8	289	119	170
3050	0	0.08705357142857142	T	C	896	897	78	53	25	817	335	482
3052	0	0.053588516746411484	T	C	1045	1045	56	36	20	989	465	524
3058	0	0.030136986301369864	G	A	1095	1096	33	0	33	1061	230	831
3071	0	0.048467569493941556	A	G	1403	1409	68	33	35	1333	655	678
3101	0	0.037037037037037035	T	G	351	671	13	0	13	330	54	276
3110	0	0.05572198921509886	T	C	1669	1673	93	30	63	1575	549	1026
3123	0	0.037037037037037035	C	T	1134	1136	42	0	42	1090	720	370
3148	0	0.17410323709536307	T	C	2286	2289	398	130	268	1887	784	1103
3203	0	0.036855036855036855	G	A	407	415	15	13	2	392	1	391
3232	0	0.06077348066298342	C	T	362	365	22	1	21	337	328	9
3241	0	0.04285714285714286	T	C	420	525	18	1	17	402	374	28
3262	0	0.043689320388349516	A	G	206	217	9	7	2	197	3	194
3282	0	0.0627062706270627	A	G	909	909	57	21	36	852	239	613
3295	0	0.0398406374501992	A	G	753	754	30	7	23	721	184	537
3338	0	0.04242424242424243	T	C	660	662	28	1	27	632	515	117
3395	0	0.031341821743388835	T	C	1021	1026	32	1	31	988	591	397
3427	0	0.17412250516173433	G	A	1453	1454	253	253	0	1197	310	887
3432	0	0.030828516377649325	G	A	519	520	16	11	5	503	81	422
3433	0	0.04310344827586207	A	G	232	232	10	3	7	222	64	158
3435	0	0.04247104247104247	T	G	259	398	11	0	11	244	192	52
3451	0	0.042105263157894736	T	C	1045	1051	44	0	44	998	545	453
3473	0	0.05959885386819484	C	T	1745	1745	104	63	41	1640	1246	394
3518	0	0.055762081784386616	C	T	269	272	15	4	11	252	69	183
3566	0	0.056617126680820945	C	T	1413	1414	80	48	32	1332	687	645
3579	0	0.2654639175257732	G	T	388	409	103	1	102	280	259	21
3585	0	0.046875	C	T	192	201	9	0	9	182	170	12
3593	0	0.05609573672400898	C	T	1337	1337	75	55	20	1262	526	736
3605	0	0.07493188010899182	G	A	734	736	55	18	37	677	451	226
3617	0	0.05587121212121212	G	A	1056	1059	59	18	41	997	476	521
3650	0	0.03529411764705882	C	A	255	258	9	3	6	245	169	76
3713	0	0.051587301587301584	G	A	252	253	13	13	0	237	126	111
3714	0	0.06028368794326241	C	T	282	285	17	1	16	264	216	48
3767	0	0.06982543640897755	A	T	401	414	28	5	23	366	193	173
3798	0	0.035422343324250684	G	A	367	371	13	13	0	353	115	238
3827	0	0.06060606060606061	C	T	990	1003	60	22	38	930	640	290
3836	0	0.09457364341085271	T	C	645	648	61	1	60	584	505	79
3850	0	0.0395778364116095	G	T	379	379	15	15	0	361	66	295
3856	0	0.04093567251461988	G	A	171	173	7	5	2	164	36	128
3886	0	0.03347280334728033	T	G	239	241	8	0	8	229	63	166
3887	0	0.05104408352668213	G	C	431	434	22	22	0	405	55	350
3943	0	0.049429657794676805	C	T	263	269	13	2	11	248	184	64
3986	0	0.07257304429783223	T	C	1061	1072	77	0	77	984	541	443
3989	0	0.04265129682997118	T	C	1735	1736	74	33	41	1660	721	939
4042	0	0.055676855895196505	T	C	916	930	51	1	50	862	579	283
4044	0	0.08133086876155268	C	T	541	563	44	0	44	495	257	238
4076	0	0.05660377358490566	C	G	424	432	24	1	23	396	378	18
4082	0	0.08813559322033898	G	T	295	298	26	23	3	269	64	205
4085	0	0.07727272727272727	T	C	1100	1100	85	52	33	1013	455	558
4094	0	0.42207792207792205	C	T	154	154	65	41	24	89	88	1
4105	0	0.07013574660633484	G	A	442	442	31	4	27	410	108	302
4106	0	0.08952380952380952	A	G	525	526	47	6	41	478	78	400
4113	0	0.05564924114671164	A	G	593	596	33	33	0	560	204	356
4153	0	0.0429553264604811	T	C	582	583	25	1	24	557	336	221
4197	0	0.036036036036036036	C	T	777	778	28	1	27	748	601	147
4206	0	0.032520325203252036	A	T	246	246	8	8	0	238	108	130
4210	0	0.04365079365079365	G	A	252	253	11	10	1	241	52	189
4214	0	0.17391304347826086	T	G	23	47	4	2	2	19	17	2
4218	0	0.03322259136212625	A	G	301	304	10	0	10	290	152	138
4234	0	0.06896551724137931	C	T	58	68	4	1	3	50	10	40
4238	0	0.14814814814814814	C	T	459	465	68	30	38	390	67	323
4242	0	0.04897959183673469	G	A	245	248	12	12	0	232	6	226
4259	0	0.03991446899501069	C	T	1403	1404	56	3	53	1346	973	373
4295	0	0.0752102919346858	A	G	2021	2037	152	95	57	1869	612	1257
4408	0	0.09019607843137255	A	G	510	516	46	4	42	464	242	222
4444	0	0.057692307692307696	T	C	728	729	42	0	42	686	572	114
4454	0	0.06623376623376623	G	A	770	770	51	17	34	719	257	462
4481	0	0.031185031185031187	G	A	962	963	30	5	25	932	454	478
4493	0	0.08235294117647059	C	T	1190	1193	98	47	51	1092	542	550
4501	0	0.05714285714285714	C	A	315	316	18	5	13	296	138	158
4502	0	0.09693877551020408	C	T	196	197	19	10	9	172	60	112
4503	0	0.03545051698670606	A	G	677	680	24	8	16	652	110	542
4523	0	0.1895424836601307	G	A	306	307	58	32	26	243	111	132
4536	0	0.05204460966542751	A	G	1345	1350	70	28	42	1274	516	758
4592	0	0.053587647593097185	A	G	2202	2204	118	78	40	2083	1054	1029
4595	0	0.06091644204851752	C	T	1855	1881	113	72	41	1740	1119	621
4658	0	0.1641025641025641	G	A	195	233	32	12	20	163	25	138
4698	0	0.034482758620689655	A	G	696	703	24	24	0	671	255	416
4725	0	0.031088082901554404	G	T	193	195	6	6	0	186	24	162
4726	0	0.05660377358490566	T	C	53	75	3	2	1	49	42	7
4733	0	0.08472553699284009	T	C	838	838	71	35	36	765	526	239
4751	0	0.09948320413436693	T	C	774	776	77	43	34	697	535	162
4757	0	0.047619047619047616	T	C	567	573	27	0	27	537	433	104
4775	0	0.0625	A	G	176	182	11	0	11	165	31	134
4776	0	0.0471976401179941	G	C	339	347	16	0	16	322	123	199
4867	0	0.10789473684210527	T	C	380	409	41	0	41	339	316	23
4883	0	0.04143222506393862	T	C	1955	1959	81	61	20	1874	1383	491
4919	0	0.20655737704918034	C	G	305	326	63	14	49	240	66	174
4927	0	0.03130755064456722	G	A	543	550	17	12	5	525	3	522
4985	0	0.046153846153846156	A	G	325	399	15	15	0	308	15	293
4988	0	0.1095890410958904	G	A	584	584	64	25	39	519	97	422
5000	0	0.056349873843566024	T	C	1189	1191	67	16	51	1122	505	617
5032	0	0.03982300884955752	T	C	226	249	9	0	9	216	73	143
5036	0	0.06498194945848375	C	T	831	831	54	23	31	775	535	240
5060	0	0.03671497584541063	T	C	1035	1035	38	24	14	996	630	366
5066	0	0.07240437158469945	C	T	732	733	53	14	39	677	338	339
5087	0	0.07017543859649122	C	T	399	402	28	15	13	347	278	69
5088	0	0.1844380403458213	G	A	347	349	64	64	0	274	81	193
5096	0	0.04939626783754116	T	C	911	912	45	17	28	865	601	264
5100	0	0.03612167300380228	A	G	526	526	19	19	0	506	170	336
5156	0	0.059393939393939395	C	T	825	825	49	29	20	776	433	343
5171	0	0.03398058252427184	G	A	1648	1684	56	51	5	1592	3	1589
5189	0	0.042789223454833596	A	G	1262	1269	54	52	2	1206	389	817
5211	0	0.04087193460490463	A	G	1101	1106	45	1	44	1056	604	452
5256	0	0.03022162525184688	A	C	1489	1489	45	44	1	1441	575	866
5257	0	0.031180400890868598	C	A	2245	2257	70	66	4	2174	1194	980
5267	0	0.06994047619047619	T	C	1344	1349	94	10	84	1246	992	254
5269	0	0.03909465020576132	C	T	1458	1482	57	1	56	1391	1206	185
5272	0	0.030927835051546393	T	A	1552	1655	48	0	48	1483	1318	165
5315	0	0.1014344262295082	G	A	976	976	99	9	90	876	123	753
5369	0	0.4693366708385482	C	T	799	800	375	167	208	418	338	80
5375	0	0.17955239064089523	A	G	1966	1967	353	181	172	1613	786	827
5387	0	0.18469814704124327	C	T	1673	1676	309	170	139	1363	780	583
5502	0	0.03245283018867925	G	A	1325	1332	43	43	0	1281	359	922
5543	0	0.04310907903331156	G	A	1531	1533	66	66	0	1464	276	1188
5545	0	0.04003407155025554	C	T	1174	1178	47	0	47	1126	814	312
5561	0	0.051011804384485666	C	T	2372	2372	121	66	55	2249	1302	947
5591	0	0.09885057471264368	T	C	870	879	86	63	23	784	608	176
5680	0	0.2548449612403101	C	T	1032	1090	263	141	122	769	696	73
5717	0	0.10677966101694915	C	T	1180	1181	126	35	91	1052	422	630
5806	0	0.03441084462982273	C	A	1918	1919	66	5	61	1850	1079	771
5817	0	0.03869407496977025	G	A	827	849	32	28	4	795	15	780
5828	0	0.07303779069767442	T	C	2752	2752	201	170	31	2550	1439	1111
5871	0	0.03292181069958848	G	A	729	739	24	24	0	704	103	601
5906	0	0.03546099290780142	G	A	282	298	10	10	0	267	97	170
5915	0	0.03735632183908046	A	G	348	350	13	13	0	335	220	115
5982	0	0.06451612903225806	A	G	186	189	12	6	6	174	5	169
6002	0	0.20616113744075829	T	C	422	440	87	20	67	333	131	202
6053	0	0.030181086519114688	T	C	497	519	15	2	13	480	277	203
6056	0	0.1310734463276836	C	T	885	888	116	46	70	768	360	408
6075	0	0.04055496264674493	C	T	937	957	38	0	38	896	391	505
6092	0	0.09168081494057725	C	T	1767	1793	162	148	14	1603	1321	282
6101	0	0.11444652908067542	T	C	2132	2132	244	144	100	1886	1148	738
6162	0	0.10287539936102237	G	A	1565	1566	161	161	0	1403	125	1278
6164	0	0.06180008295313148	C	T	2411	2413	149	63	86	2259	1136	1123
6183	0	0.05	C	T	180	182	9	3	6	170	153	17
6195	0	0.0438871473354232	C	A	319	321	14	14	0	305	194	111
6279	0	0.060836501901140684	T	C	263	271	16	3	13	247	141	106
6363	0	0.07099391480730223	C	T	986	987	70	32	38	916	389	527
6443	0	0.12439024390243902	G	A	410	413	51	12	39	357	129	228
6452	0	0.04892367906066536	C	T	1022	1022	50	23	27	969	750	219
6459	0	0.043478260869565216	A	G	46	46	2	0	2	44	18	26
6462	0	0.03333333333333333	A	G	30	30	1	1	0	29	4	25
6463	0	0.045454545454545456	G	A	22	22	1	1	0	21	0	21
6470	0	0.08333333333333333	G	A	36	36	3	3	0	33	6	27
6479	0	0.07142857142857142	A	G	14	17	1	1	0	12	0	12
6481	0	0.1111111111111111	T	G	9	16	1	0	1	8	3	5
6529	0	0.034482758620689655	A	G	29	29	1	1	0	28	1	27
6547	0	0.15	T	C	20	20	3	0	3	17	17	0
6550	0	0.03125	C	T	32	32	1	1	0	31	25	6
6552	0	0.030303030303030304	G	A	33	33	1	0	1	32	16	16
6568	0	0.04878048780487805	A	G	41	41	2	2	0	39	2	37
6584	0	0.03125	T	C	32	32	1	1	0	31	22	9
6599	0	0.10256410256410256	G	A	39	39	4	4	0	35	6	29
6608	0	0.037037037037037035	G	A	27	27	1	1	0	26	6	20
6621	0	0.058823529411764705	G	A	34	34	2	2	0	32	6	26
6637	0	0.03125	T	G	32	32	1	1	0	31	23	8
6638	0	0.03225806451612903	G	T	31	31	1	1	0	30	19	11
6699	0	0.032171581769437	G	A	373	378	12	12	0	360	253	107
6746	0	0.07244655581947744	C	T	842	853	61	13	48	780	557	223
6839	0	0.045454545454545456	G	A	132	139	6	6	0	124	16	108
6840	0	0.035555555555555556	C	A	225	250	8	6	2	216	164	52
6890	0	0.12984822934232715	A	G	593	626	77	48	29	516	166	350
6944	0	0.11990407673860912	G	A	417	423	50	49	1	367	0	367
6985	0	0.06390328151986183	C	A	1158	1160	74	0	74	1083	802	281
6989	0	0.06	C	T	2150	2152	129	73	56	2020	1165	855
6993	0	0.031705227077977724	G	A	1167	1182	37	36	1	1130	691	439
7037	0	0.059695669137729224	C	T	2563	2563	153	106	47	2410	1322	1088
7049	0	0.10396039603960396	C	T	1414	1418	147	114	33	1267	754	513
7050	0	0.09838274932614555	T	C	1484	1493	146	116	30	1336	706	630
7085	0	0.030141843971631204	A	G	564	570	17	17	0	547	169	378
7094	0	0.155049786628734	C	T	703	703	109	82	27	594	536	58
7108	0	0.4897119341563786	A	T	243	245	119	119	0	122	56	66
7148	0	0.10685249709639953	T	C	861	863	92	54	38	769	398	371
7151	0	0.1386861313868613	C	T	548	548	76	47	29	472	170	302
7155	0	0.042042042042042045	G	A	666	666	28	28	0	637	89	548
7156	0	0.09072164948453608	G	A	485	485	44	44	0	439	98	341
7157	0	0.03867403314917127	C	T	362	363	14	10	4	340	310	30
7175	0	0.09670079635949944	C	T	879	883	85	52	33	794	407	387
7200	0	0.04329004329004329	C	T	462	463	20	0	20	436	414	22
7204	0	0.03899721448467967	T	C	359	360	14	2	12	345	171	174
7234	0	0.07142857142857142	T	G	98	140	7	0	7	90	9	81
7240	0	0.07547169811320754	T	C	159	178	12	0	12	147	32	115
7293	0	0.05038992201559688	C	T	1667	1670	84	3	81	1583	1338	245
7379	0	0.061597690086621755	T	C	1039	1061	64	0	64	975	713	262
7407	0	0.15079365079365079	C	A	126	134	19	19	0	107	27	80
7410	0	0.03296703296703297	G	T	273	277	9	9	0	259	195	64
7447	0	0.07664233576642336	T	A	274	277	21	0	21	251	186	65
7451	0	0.11330935251798561	C	T	556	560	63	45	18	493	324	169
7455	0	0.03691813804173355	T	C	623	629	23	0	23	600	483	117
7488	0	0.07246376811594203	T	G	69	72	5	2	3	63	53	10
7493	0	0.1	G	T	270	270	27	14	13	243	140	103
7505	0	0.11002785515320335	T	C	718	736	79	43	36	639	523	116
7517	0	0.08386075949367089	C	T	632	633	53	39	14	579	237	342
7538	0	0.04258675078864353	A	G	634	635	27	17	10	606	171	435
7568	0	0.09090909090909091	T	C	594	616	54	35	19	540	309	231
7577	0	0.0967098703888335	T	C	2006	2018	194	153	41	1812	1282	530
7596	0	0.2826086956521739	A	T	230	250	65	57	8	151	149	2
7597	0	0.032467532467532464	G	A	462	472	15	15	0	440	381	59
7604	0	0.0712166172106825	T	C	1011	1012	72	29	43	938	609	329
7607	0	0.04744525547445255	C	T	274	288	13	0	13	261	196	65
7617	0	0.04065040650406504	G	A	123	131	5	5	0	118	91	27
7624	0	0.042	T	C	500	532	21	20	1	479	328	151
7652	0	0.06979405034324943	C	T	874	878	61	0	61	804	423	381
7673	0	0.03475513428120063	T	G	633	655	22	4	18	608	445	163
7713	0	0.09806835066864784	T	C	673	673	66	38	28	607	240	367
7732	0	0.030303030303030304	T	C	198	201	6	0	6	190	172	18
7806	0	0.03967168262653899	G	A	731	731	29	29	0	702	291	411
7817	0	0.052941176470588235	G	A	340	356	18	16	2	321	98	223
7826	0	0.04896907216494845	T	C	776	780	38	21	17	738	522	216
7870	0	0.1274131274131274	G	A	518	519	66	66	0	443	153	290
7887	0	0.1513353115727003	T	C	337	366	51	0	51	283	100	183
7916	0	0.21355060034305318	C	T	1166	1170	249	149	100	911	579	332
7919	0	0.03214285714285714	A	G	280	291	9	3	6	267	37	230
7937	0	0.07385892116182573	C	T	1205	1207	89	49	40	1116	592	524
7939	0	0.07711138310893513	T	C	1634	1637	126	58	68	1508	693	815
7962	0	0.04154727793696275	G	A	698	746	29	29	0	667	2	665
8007	0	0.08842105263157894	G	A	475	475	42	23	19	433	226	207
8048	0	0.12903225806451613	G	A	155	157	20	20	0	135	1	134
8050	0	0.056	G	T	125	126	7	7	0	118	11	107
8097	0	0.03508771929824561	C	T	285	285	10	0	10	275	180	95
8105	0	0.05389221556886228	C	T	668	669	36	26	10	631	380	251
8108	0	0.04885057471264368	A	G	348	358	17	17	0	328	104	224
8124	0	0.032989690721649485	A	G	485	493	16	16	0	469	179	290
8185	0	0.060240963855421686	A	G	166	166	10	0	10	155	101	54
8220	0	0.03333333333333333	T	A	750	753	25	0	25	724	651	73
8310	0	0.058823529411764705	T	C	289	290	17	2	15	272	215	57
8387	0	0.27884615384615385	C	T	208	242	58	43	15	149	132	17
8390	0	0.07357859531772576	G	T	299	304	22	0	22	274	200	74
8396	0	0.14454976303317535	C	T	422	424	61	0	61	360	256	104
8408	0	0.2611683848797251	T	C	291	294	76	5	71	215	122	93
8429	0	0.1562913907284768	G	A	755	760	118	25	93	635	229	406
8461	0	0.059278350515463915	C	T	1164	1165	69	0	69	1095	1047	48
8471	0	0.03861788617886179	C	T	492	495	19	0	19	473	310	163
8483	0	0.033707865168539325	T	C	356	436	12	0	12	344	276	68
8516	0	0.03925992779783394	A	G	2216	2223	87	21	66	2128	884	1244
8571	0	0.038128249566724434	A	G	577	620	22	19	3	554	258	296
8597	0	0.08653846153846154	T	C	520	533	45	19	26	472	353	119
8610	0	0.045454545454545456	C	A	198	215	9	3	6	189	124	65
8637	0	0.1037344398340249	G	A	241	242	25	25	0	215	73	142
8723	0	0.04267425320056899	G	A	703	705	30	30	0	672	186	486
8728	0	0.05628517823639775	G	A	533	536	30	28	2	503	1	502
8745	0	0.05555555555555555	G	T	144	148	8	8	0	135	87	48
8755	0	0.05555555555555555	G	A	324	330	18	13	5	304	243	61
8757	0	0.03	G	T	700	701	21	20	1	678	294	384
8765	0	0.030009680542110357	C	A	1033	1047	31	25	6	998	864	134
8769	0	0.05263157894736842	C	A	570	571	30	28	2	539	63	476
8785	0	0.04102096627164995	A	G	1097	1101	45	44	1	1051	238	813
8820	0	0.03711790393013101	G	A	916	928	34	30	4	880	9	871
8823	0	0.10469909315746084	C	T	1213	1215	127	43	84	1084	592	492
8825	0	0.03880597014925373	A	G	670	681	26	24	2	636	261	375
8839	0	0.030813953488372094	G	A	1720	1725	53	52	1	1663	455	1208
8852	0	0.07247223845704266	C	T	1711	1713	124	85	39	1581	906	675
8888	0	0.06557377049180328	T	C	915	916	60	7	53	854	452	402
8897	0	0.03614457831325301	A	G	166	169	6	6	0	159	146	13
8922	0	0.04415011037527594	G	A	453	460	20	14	6	433	2	431
8980	0	0.04564315352697095	A	G	482	490	22	9	13	460	231	229
9038	0	0.03189493433395872	A	G	533	538	17	7	10	516	305	211
9043	0	0.03150912106135987	G	A	603	614	19	16	3	584	0	584
9098	0	0.07628062360801782	T	C	1796	1796	137	54	83	1658	856	802
9107	0	0.04668304668304668	A	G	407	424	19	19	0	387	378	9
9114	0	0.1090458488228005	A	G	807	834	88	88	0	718	329	389
9115	0	0.0348993288590604	G	A	745	751	26	26	0	719	331	388
9168	0	0.03537735849056604	A	G	424	443	15	10	5	409	10	399
9176	0	0.06857785272625071	C	T	1779	1784	122	45	77	1650	736	914
9200	0	0.03991130820399113	G	A	902	905	36	30	6	866	602	264
9225	0	0.12040133779264214	C	T	897	897	108	66	42	789	251	538
9242	0	0.09392265193370165	T	C	724	727	68	30	38	655	453	202
9272	0	0.08365384615384615	C	T	1040	1040	87	44	43	953	446	507
9277	0	0.04092071611253197	C	T	782	782	32	0	32	750	653	97
9296	0	0.13126491646778043	T	C	838	838	110	63	47	726	129	597
9344	0	0.034375	G	A	320	331	11	6	5	309	6	303
9380	0	0.0653950953678474	G	A	367	369	24	22	2	341	172	169
9414	0	0.04751131221719457	A	G	884	903	42	14	28	841	208	633
9429	0	0.08834586466165413	G	A	532	535	47	11	36	485	62	423
9431	0	0.051933701657458566	G	A	905	905	47	7	40	858	109	749
9434	0	0.03398259428097804	A	G	2413	2415	82	7	75	2330	1129	1201
9455	0	0.06125080593165699	G	A	1551	1553	95	25	70	1456	339	1117
9469	0	0.031609195402298854	G	A	348	358	11	1	10	337	253	84
9677	0	0.20256410256410257	G	A	780	789	158	67	91	613	38	575
9713	0	0.03550295857988166	C	T	1014	1075	36	15	21	978	857	121
9758	0	0.044374009508716325	A	G	631	631	28	4	24	596	132	464
9818	0	0.22083333333333333	G	A	240	274	53	53	0	187	5	182
9834	0	0.050505050505050504	G	A	198	202	10	10	0	187	120	67
9884	0	0.08420056764427625	G	A	1057	1057	89	21	68	968	468	500
9887	0	0.0627763041556145	C	T	1131	1132	71	41	30	1060	477	583
9896	0	0.15984405458089668	T	A	513	515	82	32	50	430	225	205
9899	0	0.18316831683168316	A	G	202	221	37	31	6	164	76	88
9928	0	0.04332129963898917	C	T	277	284	12	0	12	262	137	125
9934	0	0.05191256830601093	T	C	366	382	19	1	18	344	123	221
9994	0	0.03857566765578635	T	C	1348	1365	52	0	52	1296	752	544
10193	0	0.05465587044534413	A	G	494	495	27	6	21	467	241	226
10198	0	0.10638297872340426	G	A	188	192	20	2	18	168	25	143
10217	0	0.07850707850707851	A	G	777	779	61	35	26	714	447	267
10226	0	0.06896551724137931	A	G	174	178	12	12	0	162	116	46
10281	0	0.1015625	G	A	1152	1152	117	60	57	1032	562	470
10286	0	0.13135593220338984	C	T	472	478	62	44	18	409	201	208
10310	0	0.04040404040404041	G	T	297	298	12	12	0	283	16	267
10314	0	0.046413502109704644	A	G	948	949	44	32	12	904	450	454
10319	0	0.06857142857142857	C	T	700	701	48	6	42	650	598	52
10324	0	0.06471816283924843	T	C	479	525	31	0	31	447	334	113
10342	0	0.030395136778115502	A	T	329	333	10	10	0	317	223	94
10349	0	0.13195876288659794	T	C	485	487	64	36	28	419	152	267
10360	0	0.059670781893004114	C	T	486	487	29	1	28	457	277	180
10361	0	0.12134831460674157	T	C	445	465	54	26	28	391	249	142
10376	0	0.10734463276836158	G	A	531	531	57	33	24	473	387	86
10459	0	1.0	A	C	1	1	1	1	0	0	0	0
10489	0	0.5	G	C	2	2	1	1	0	1	1	0
